2.2221918704144516e-287
2.3486034777137187e-285
2.3928428776233063e-285
2.307575989094835e-16
2.2835250331459206e-16
9.034681923847336e-06
1.3361219715989465e-06
1.3665917820310237e-06
1.3690602320718255e-06
1.5972930549031354e-05
1.598400967711526e-05
9.684470158815463e-05
3.2589399427877976e-36
3.2478240012280326e-36
3.247828960075582e-36
6.327968198661065e-24
6.32864811339257e-24
2.5657635295377808e-114
1.828615470561112e-07
1.8503589737661564e-07
1.8505729700957802e-07
6.554552341627873e-07
6.555081889948537e-07
1.1256637710897317e-05
1.7248602949128213
1.7248605931110617
1.7248605978627851
1.0097114093618698e-40
1.0097118559443276e-40
1.7933420310936146e-173
3.7139136766670845e-08
3.7352691400673465e-08
3.735375637978597e-08
7.135149255047169e-08
7.135342032291034e-08
1.695075670095768e-06
0.024639722392405184
0.024639720832424925
0.024639720819304562
1.0452804596978229e-49
1.0452803752112535e-49
3.455101642741852e-206
8.666358099836512e-09
8.690692514284542e-09
8.690789120370615e-09
1.2838777684252763e-08
1.2838918098027606e-08
2.6863340967175866e-07
0.0002510850545100005
0.0002510850516295079
0.0002510850516203155
1.0853895777789812e-55
1.0853895641185775e-55
8.889716690164781e-229
2.1752303041850883e-09
2.1785111017137918e-09
2.1785207873654753e-09
2.9151297874130246e-09
2.9151426145183585e-09
4.2515298070104274e-08
2.4906848763724694e-32
2.803643429414469e-32
2.804626447627432e-32
1.8008101469604156e-182
2.275794649296302e-182
0.0
0.002346542599778942
0.002346887288497851
0.002346887288498118
0.0026495957860592743
0.0026495957860595636
0.13317801804807844
2.1749492850797343e-20
2.176387657200978e-20
2.1763869607842267e-20
3.952484884363493e-131
3.954762437232839e-131
0.0
0.0024875481656961213
0.0024879094522255126
0.0024879094522255126
0.0028074239694955423
0.0028074239694955423
0.13943358510281834
2.7476488604737858e-17
2.747658670908004e-17
2.7476586228464754e-17
1.4946332842626838e-118
1.4946368051813524e-118
0.0
0.002537019273451892
0.00253738632827132
0.00253738632827132
0.002862778357102379
0.002862778357102379
0.14160454261751987
2.780392419957167e-16
2.7803922312759177e-16
2.78039222884082e-16
1.4364698094146468e-114
1.4364696729843115e-114
0.0
nan
nan
nan
nan
nan
nan
6.0553094234510285e-16
6.055309423186602e-16
2.730894448007773e-113
2.730894405582757e-113
0.0
nan
nan
nan
nan
nan
1.5702246110547258e-15
1.6388201732975069e-15
1.6390113287886983e-15
1.0507920083875742e-104
1.1905997574202926e-104
0.0
0.00029400125091066313
0.00029419003565128775
0.00029419061986381544
0.0003517578133709691
0.00035175841896390635
0.02339385558017191
1.2364167961913247e-12
1.2367483690659998e-12
1.236747960521677e-12
2.154721608939839e-89
2.155516252777204e-89
0.0
0.0007075563030843148
0.0007076862132861667
0.000707686219426596
0.0008071332493924804
0.0008071332563082744
0.049968908466525255
5.931800500569855e-12
5.931807073422683e-12
5.931806967393765e-12
3.5109603536377795e-86
3.5109653698760576e-86
0.0
0.0010427271247580047
0.001042904189263545
0.0010429041893200365
0.0011853936537917899
0.0011853936538551808
0.06912937735704741
6.081459891274699e-12
6.081459346344758e-12
6.081459340823129e-12
2.987416237629297e-86
2.9874159617505353e-86
0.0
0.001291675697500299
0.0012918872229202576
0.0012918872229207082
0.0014658050428183313
0.0014658050428188372
0.08244914207158123
4.097324203951251e-12
4.097324147420731e-12
4.097324147234256e-12
3.0568469363300507e-87
3.0568468919449263e-87
0.0
0.001478186909938544
0.0014784233565590613
0.0014784233565590648
0.0016755803681753813
0.0016755803681753867
0.09202448347170333
7.597878235831003e-28
8.353121885994246e-28
8.355411887688719e-28
1.198000039960202e-157
1.4594975661907314e-157
0.0
0.0016791831897138188
0.0016794471185983093
0.001679447123086288
0.0019015632631291443
0.0019015632681413535
0.10201266350313963
3.829818709840164e-18
3.831853225921755e-18
3.831851967172413e-18
9.59384450803426e-117
9.598653810970897e-117
0.0
0.0020892400886109745
0.0020895538532264353
0.002089553853226527
0.002361377771693531
0.002361377771693632
0.12148671122279406
1.1628254627766916e-15
1.162828629260899e-15
1.1628286085932216e-15
6.18209164880952e-107
6.182104038122668e-107
0.0
0.002255288151942585
0.002255621970398667
0.002255621970398667
0.002547410197341723
0.002547410197341723
0.12907390122588222
6.595203034450039e-15
6.5952025328423115e-15
6.5952025269564554e-15
3.938428819439506e-104
3.938428447317116e-104
0.0
0.0023446416321493717
0.0023449860953981714
0.0023449860953981714
0.0026474674559347363
0.0026474674559347363
0.13309297896418007
1.0781690345571063e-14
1.0781690202335189e-14
1.0781690201854947e-14
1.6899262964959183e-103
1.6899262708090652e-103
0.0
0.0024003761528445943
0.0024007272061732565
0.0024007272061732565
0.002709861485728803
0.002709861485728803
0.13557836154835837
3.3937753322398555e-31
3.796638106346858e-31
3.797892385136426e-31
7.929369293746838e-176
9.921435789078283e-176
0.0
0.0021992557712473713
0.0021995828671481357
0.0021995828671618036
0.002484648535792153
0.0024846485358073884
0.12653123394369156
8.324695501334303e-20
8.329909749177586e-20
8.3299070623008e-20
3.6447598704513375e-127
3.6467835352962635e-127
0.0
0.002406497927382174
0.0024068497022766092
0.0024068497022766092
0.0027167139481397828
0.0027167139481397828
0.13585036539324374
7.386095194597679e-17
7.386119856496789e-17
7.386119726662519e-17
2.684919033196748e-115
2.6849250880638403e-115
0.0
0.002481274551839215
0.002481635104865758
0.002481635104865758
0.0028004035876781747
0.0028004035876781747
0.13915741227471198
6.486106962905598e-16
6.486106507829606e-16
6.486106502116792e-16
1.3018984753828922e-111
1.3018983518487465e-111
0.0
0.0025197708539564873
0.0025201359007944934
0.0025201359007944934
0.0028434797815328045
0.0028434797815328045
0.14084899277195945
1.3190537426896563e-15
1.3190537255213934e-15
1.3190537254634697e-15
1.7139383104947586e-110
1.713938284023955e-110
0.0
0.0025432251995522875
0.002543592976012798
0.002543592976012798
0.0028697216400746677
0.0028697216400746677
0.14187603140295346
