3.863462566420631e-08
4.506413173338054e-08
4.528166963750943e-08
0.00098752745989158
0.0009321030269041409
0.014837381124626412
0.0005732366120917669
0.0005707807724556901
0.000578245672156627
0.000994794240993648
0.0010047355166284315
0.0021053984693559396
0.03831032366274683
0.039169424328417045
0.037747309947228205
0.019894896694679986
0.01943354046596212
1.2908739304202568e-09
0.00026216979552266524
0.0003099782813037209
0.0002584369036897434
0.00028218815273054273
8.183294859868597e-05
0.0004932619157317841
0.2993974183619815
0.29857397931919427
0.2934121324034765
0.0010503138193469952
0.0010569300855201903
5.957328486057252e-15
7.670775296305947e-05
9.294865574010824e-05
8.480123394785751e-05
0.00010848638445946275
0.00010339500673121835
0.00014540173143145216
0.2075075253073133
0.21157623475212406
0.20978074571505073
0.0002518843000924512
0.00024048225209938123
1.4356950320666696e-17
5.020985523536603e-05
4.5897673814219046e-05
4.898477182883171e-05
5.4760734552580055e-05
5.272509665164839e-05
5.013977034385854e-05
0.15440959072643756
0.15259137427024294
0.15292971091945504
0.00010178005383383579
0.00010413662268602586
6.897527393678043e-20
2.5390475091241656e-05
3.3815405364517175e-05
2.3546633029890518e-05
2.9003421521627963e-05
2.690370734168916e-05
2.625588959906491e-05
0.0031182515287307357
0.003022912159046299
0.0031591856197768853
4.8241407120252045e-12
3.4568785536585682e-12
3.164483913995676e-56
0.01098236536533599
0.010830661860783505
0.010849217461758964
0.011378091190277523
0.010995636991285345
0.06271881680051757
0.02263700290834624
0.022606073525599967
0.022367636109034958
5.180226497833436e-09
5.416278210324031e-09
1.6339532419998343e-44
0.011287974777760675
0.011695234339884453
0.011259169544453029
0.012260858632890751
0.011817942347397418
0.060880513418909044
0.03638900490715837
0.03633164074351852
0.03563944057735138
2.8411825353274086e-08
2.7342616010423394e-08
2.1593909633256652e-40
0.011356047126069586
0.011064357166059751
0.011150039592970076
0.011514137288618416
0.012219534026849563
0.06342644267565051
0.04142047297198831
0.04160637231721837
0.041910786908060674
5.6291766862681296e-08
5.181319378724007e-08
1.0280024890947322e-40
nan
nan
nan
nan
nan
nan
0.04436440053308912
0.04474527864424794
0.04336857359643596
5.436851211689881e-08
7.3256607805581e-08
3.595831650001913e-38
nan
nan
nan
nan
nan
nan
0.045542753039070766
0.04577403874823148
0.047185533653803485
1.2306478584248455e-07
1.907897615610466e-07
1.1490066951232423e-31
0.005042941448157785
0.005167080084476656
0.005271976657785702
0.005137088823069083
0.0053617871010680105
0.02880409826847938
0.06605879870102793
0.06430288710465577
0.06500734479488482
1.0439489319578513e-06
1.0155299681638091e-06
6.272305816013381e-30
0.006907429216358002
0.006897451042530835
0.0068545450015581886
0.006995128064146534
0.007180257850116067
0.03919558945711406
0.0683637837722302
0.06694440316633306
0.06750132149188244
1.4720406845944298e-06
1.5262394221947214e-06
4.6582736033213897e-29
0.007816776345606773
0.008086920105739238
0.008195675696317427
0.008806739000145027
0.008148428052789269
0.046923514336950335
0.0664815605446179
0.06522800300090936
0.06600409831542407
1.3999033757022632e-06
1.6453254477574036e-06
5.160379550125912e-30
0.009282390045933838
0.008580802961341867
0.008886819024893335
0.009195627871818107
0.009085276680294884
0.05054428393002727
0.06434318593033664
0.062344295567120976
0.06381383236234398
1.503754085445408e-06
1.3746010282718115e-06
5.401751636603374e-30
0.009140486428404251
0.00979540000663141
0.009216361978073347
0.009614638513361418
0.010200855213078928
0.052628465676463496
0.006188606915729977
0.0064722196465377
0.0064827283573077625
9.501573402207166e-11
1.1758400836848103e-10
1.7356040575109097e-48
0.009641064224615546
0.009780699952256633
0.010528089503808128
0.009741162956863263
0.01032077132291314
0.05517217210253699
0.03127357771297434
0.030275013826691944
0.030354068417104144
2.7165092295368808e-08
2.4806214802819805e-08
2.118687424551e-39
0.010448488478968152
0.010752473021548352
0.010832802998976624
0.010537741123405674
0.010518202828396973
0.058576784098440714
0.04414829453911252
0.04321374480068135
0.04351666822109401
1.2488939178132864e-07
1.219722778935557e-07
1.2503195028477601e-36
0.011028478682139393
0.010566960750120726
0.011006757296852996
0.010830766895424582
0.01155580806185751
0.06150662428831031
0.047423183101185394
0.04790580695372639
0.04745679823051769
1.7054115112681379e-07
1.583831451162463e-07
4.799739096244614e-36
0.010315492870457571
0.010460895253901939
0.010891803052209253
0.011617526470469751
0.011069913353206
0.06133181869162861
0.04873888545298223
0.04912155900064577
0.049356962322242966
1.7936699981709625e-07
1.9463938580035086e-07
6.577227489242209e-36
0.011489295850668881
0.011040477968501912
0.010838445657728759
0.011099810788716991
0.011535711925222571
0.061187633561479805
0.003737472128557201
0.0038115678760374874
0.0036926907656852186
1.042600721377977e-11
9.658052201457943e-12
3.3585930855115616e-54
0.011001235377696424
0.010825253409580897
0.010900833052819046
0.010785268184059324
0.011292994023007468
0.05813303656165904
0.024169976988272227
0.02454917493325902
0.02466064670527715
7.485130453251491e-09
7.41786416350195e-09
1.0228984199032815e-42
0.010907651786039757
0.011163452986861538
0.01123870693380628
0.01156661297354766
0.011738939684473999
0.061599953752423484
0.038126468537482056
0.038129546684137636
0.03851270611037768
4.650620847901624e-08
3.882395440638398e-08
3.5616809476445056e-40
0.011278863267043412
0.01080450466396404
0.01135838603731826
0.011179000075744376
0.011414782029078831
0.06269130093583325
0.04327658458432174
0.04305916416362679
0.0449126222174496
6.792390944381236e-08
6.87975666688658e-08
1.6788288091003513e-39
0.011445859504985802
0.011345659187518453
0.01066070677527388
0.011712559387226292
0.01271251907871233
0.06424014875054837
0.04616493819495443
0.046021899282070955
0.04518770163807998
8.464641069909451e-08
1.0015230436771793e-07
1.1257509382332755e-38
0.011304991820363803
0.011474615330056247
0.011658720777859592
0.011283629981644448
0.011686352949194453
0.06564560063831333
