2.2221918704139468e-287
2.3486034777131857e-285
2.3928428776222192e-285
2.307575989094867e-16
2.2835250331459206e-16
0.006033978520229022
0.002177825652018287
0.0022081656529191742
0.0022071666075358944
0.0011266031490848938
0.0011311564982973512
9.684470158815463e-05
7.797410363932101e-62
7.814087090742519e-62
7.815079129695444e-62
6.327968198661153e-24
6.328648113392392e-24
3.0293577292443177e-238
0.0006695043289166244
0.0006700776513477642
0.0006701042229735751
0.0005093653753429177
0.0005094606686504009
1.1256637710897393e-05
1.7248602949128211
1.7248605931110617
1.7248605978627851
1.0097114093618698e-40
1.0097118559443276e-40
0.0
0.00025341036925882743
0.0002535225789445811
0.00025352840517892344
0.0002487235963399697
0.0002487300145168147
1.939075429912446e-05
0.024639722392405198
0.024639720832424866
0.024639720819304458
1.045280459697867e-49
1.045280375211209e-49
0.0
0.00010606475167231031
0.0001061097524342341
0.00010611075317487866
0.00011904291424706384
0.00011904399763308972
2.7905518500528888e-06
0.0002510850545100018
0.0002510850516295092
0.0002510850516203168
1.0853895777790886e-55
1.0853895641185314e-55
0.0
4.694403849262172e-05
4.6964906138621595e-05
4.6965082188144564e-05
5.6353746719928696e-05
5.635394952031e-05
2.743589805680402e-07
2.4906848763724694e-32
2.803643429414628e-32
2.804626447627432e-32
1.8008101469602115e-182
2.275794649296819e-182
0.0
0.3215801660553238
0.32161720858862797
0.3216172085886564
0.3056666202869927
0.30566662028701874
0.13317801804807844
2.1749492850796885e-20
2.176387657201008e-20
2.176386960784196e-20
3.952484884362596e-131
3.954762437233513e-131
0.0
0.3342308585650935
0.33426877602148874
0.33426877602148874
0.317217531481168
0.317217531481168
0.13943358510281845
2.7476488604738052e-17
2.747658670907985e-17
2.7476586228465524e-17
1.494633284262769e-118
1.4946368051807585e-118
0.0
0.3386050186582131
0.3386432330276579
0.3386432330276579
0.3212078046964864
0.3212078046964864
0.14160454261751976
2.780392419957206e-16
2.7803922312759177e-16
2.78039222884082e-16
1.4364698094144836e-114
1.4364696729842302e-114
0.0
nan
nan
nan
nan
nan
nan
6.0553094234510285e-16
6.055309423186602e-16
2.730894448007773e-113
2.7308944055822924e-113
0.0
nan
nan
nan
nan
nan
1.5702246110547481e-15
1.6388201732975297e-15
1.6390113287887559e-15
1.0507920083875742e-104
1.1905997574199889e-104
0.0
0.07937607232099805
0.07938501908771105
0.07938510683543756
0.07760419462653974
0.07760435333799169
0.023393855580171926
1.2364167961913118e-12
1.2367483690659998e-12
1.2367479605216598e-12
2.1547216089394724e-89
2.155516252777204e-89
0.0
0.14383261617047355
0.1438541549236906
0.14385415596102347
0.14108137962001263
0.1410813805963935
0.0499689084665253
5.931800500569855e-12
5.931807073422745e-12
5.931806967393869e-12
3.510960353638179e-86
3.5109653698760576e-86
0.0
0.18690582692203156
0.1869318174020895
0.18693181741038264
0.18147921918827545
0.1814792191960042
0.06912937735704734
6.081459891274637e-12
6.081459346344758e-12
6.081459340823129e-12
2.9874162376298058e-86
2.9874159617510435e-86
0.0
0.21588123429840064
0.2159099081930511
0.21590990819311223
0.20842506696425714
0.20842506696431382
0.08244914207158116
4.097324203951251e-12
4.097324147420774e-12
4.097324147234313e-12
3.0568469363298774e-87
3.0568468919446655e-87
0.0
0.23633635685960938
0.2363668134316598
0.23636681343166033
0.22736168260592954
0.22736168260593004
0.09202448347170324
7.597878235831379e-28
8.353121885994246e-28
8.355411887688188e-28
1.198000039960066e-157
1.459497566190483e-157
0.0
0.25739122233462486
0.2574233845742371
0.2574233851240967
0.2467713439524097
0.24677134446011012
0.10201266350313953
3.829818709840325e-18
3.831853225921701e-18
3.831851967172333e-18
9.59384450803426e-117
9.598653810970897e-117
0.0
0.2977403614590778
0.29777568743859395
0.29777568743860383
0.2838545308920699
0.28385453089207924
0.12148671122279414
1.1628254627766916e-15
1.162828629260899e-15
1.1628286085932297e-15
6.182091648808818e-107
6.182104038121616e-107
0.0
0.31324145211326154
0.3132779044895085
0.3132779044895085
0.2980440152506146
0.2980440152506146
0.12907390122588222
6.595203034450085e-15
6.595202532842264e-15
6.595202526956362e-15
3.938428819439506e-104
3.9384284473166685e-104
0.0
0.3214077026398533
0.32144473307905924
0.32144473307905924
0.30550904073659063
0.30550904073659063
0.13309297896418
1.0781690345571213e-14
1.0781690202335189e-14
1.0781690201854947e-14
1.6899262964958703e-103
1.6899262708091126e-103
0.0
0.326442723364492
0.32648010507262387
0.32648010507262387
0.31010832672840655
0.31010832672840655
0.13557836154835828
3.3937753322398555e-31
3.796638106346858e-31
3.7978923851364273e-31
7.929369293747739e-176
9.921435789078283e-176
0.0
0.30805923633987514
0.30809531632311365
0.30809531632462145
0.29330312602100417
0.29330312602238645
0.12653123394369148
8.32469550133401e-20
8.32990974917747e-20
8.329907062300743e-20
3.644759870450924e-127
3.646783535297298e-127
0.0
0.3269930822832406
0.3270305021521314
0.3270305021521314
0.31061090360537696
0.31061090360537696
0.13585036539324366
7.386095194597782e-17
7.386119856496894e-17
7.386119726662519e-17
2.684919033196748e-115
2.684925088063688e-115
0.0
0.33367382224283015
0.3337117016836042
0.3337117016836042
0.3167092506490264
0.3167092506490264
0.1391574122747117
6.486106962905598e-16
6.486106507829698e-16
6.486106502116882e-16
1.3018984753830399e-111
1.30189835184882e-111
0.0
0.33708362434417916
0.337121735765515
0.337121735765515
0.31982013823352234
0.31982013823352234
0.14084899277195947
1.3190537426896563e-15
1.3190537255214212e-15
1.3190537254634975e-15
1.7139383104944667e-110
1.7139382840241496e-110
0.0
0.3391514550225553
0.33918970628407524
0.33918970628407524
0.3217061568482702
0.3217061568482702
0.1418760314029533
