0.0
0.0
0.0
5.8408810837397e-21
5.736805307680503e-21
0.001014116201548205
0.00330630257082361
0.0033549669347813565
0.003350742046625166
0.00023417630111280567
0.000235284723870109
1.0165446931476896e-05
3.527832028435314e-86
3.537130048642651e-86
3.537296490140245e-86
9.624787790906829e-32
9.625539564735029e-32
0.0
0.0010862149197048841
0.001086770428316006
0.001086726705268595
0.00018084121998790582
0.000180864092020036
7.506857997305587e-07
1.9634545570144346
1.9634545798298852
1.9634545820356442
5.689999458292318e-54
5.690001496272267e-54
0.0
0.0004125409209021724
0.00041248195135195806
0.000412481499338416
0.0001123567609639848
0.00011235708832501468
5.514486957278221e-07
0.00958110497642654
0.0095811050601296
0.00958110505803008
8.103514674170701e-66
8.103514481846905e-66
0.0
0.00017300935778854747
0.00017297933860625322
0.0001729793337637462
5.7269105166035565e-05
5.7269108806638765e-05
8.044246032214839e-08
2.701966781784927e-05
2.70196678634971e-05
2.701966786310591e-05
1.1135214000932605e-73
1.1135213957599947e-73
0.0
7.674993029445431e-05
7.674059277543123e-05
7.674059272299792e-05
2.6667424395091305e-05
2.666742443096008e-05
8.068897122908552e-09
4.30930607613791e-40
5.010627085328607e-40
5.012273707417202e-40
7.631271731907216e-237
9.705181986830442e-237
0.0
0.49514446441735765
0.4951444644139833
0.4951444644139833
0.38680278962385184
0.38680278962385184
0.09476689338125475
1.948262013576304e-25
1.9499076138394365e-25
1.949907403017488e-25
2.139827147156354e-171
2.1406316579505593e-171
0.0
0.513893296411311
0.513893296411311
0.513893296411311
0.4029716251738134
0.4029716251738134
0.10019565642144311
1.2451629373261143e-21
1.2451696528370098e-21
1.245169646156071e-21
2.319146354363054e-155
2.3191496191315776e-155
0.0
0.5203647399992241
0.5203647399992241
0.5203647399992241
0.4085687673118113
0.4085687673118113
0.1020916269968012
2.159315506185153e-20
2.1593156083637746e-20
2.159315607782847e-20
2.8218879377270377e-150
2.8218878680116644e-150
0.0
nan
nan
nan
nan
nan
nan
5.661594865817804e-20
5.661594865741876e-20
1.2107195585302495e-148
1.2107195528753328e-148
0.0
nan
nan
nan
nan
nan
2.95509478812358e-19
3.1214146178108315e-19
3.1217427491857296e-19
1.4846387892055048e-136
1.6852375363108843e-136
0.0
0.12617138740456962
0.12616340185166472
0.12616336797749764
0.08258257697434732
0.08258265342615372
0.011324800780919467
8.539832271141573e-16
8.542865544228039e-16
8.542864477324658e-16
2.383959337945938e-117
2.384512843172251e-117
0.0
0.22637341019359317
0.2263732950881752
0.2263732950878243
0.16390886661318405
0.16390886661400741
0.02873801310436215
5.597882732468974e-15
5.5978968164415166e-15
5.597896781907577e-15
2.211238706542232e-113
2.2112405952902767e-113
0.0
0.2924626474565959
0.2924626464220316
0.2924626464220316
0.2169835277655674
0.2169835277655674
0.042692779652591
5.740849343227864e-15
5.7408495201072e-15
5.74084951832171e-15
1.536963226845194e-113
1.536963187240281e-113
0.0
0.3365619040106301
0.3365619040025163
0.3365619040025163
0.25308024391815215
0.25308024391815215
0.05291030707282011
3.524220138495643e-15
3.524220145973242e-15
3.5242201459187175e-15
7.516078232571783e-115
7.516078199348279e-115
0.0
0.3675268689267209
0.3675268689266611
0.3675268689266611
0.278731543943187
0.278731543943187
0.060478512445969405
1.5313116871648384e-34
1.7280597193641409e-34
1.7284982311562807e-34
6.7635591335236095e-205
8.277079120397054e-205
0.0
0.3992591216675716
0.39925905875940354
0.39925905875900325
0.305228553402834
0.3052285534038078
0.0685514264032245
1.1752322837156507e-22
1.17603571731194e-22
1.1760355812123523e-22
8.364508934255282e-153
8.367206753430788e-153
0.0
0.4596808139083804
0.4596808139071565
0.4596808139071565
0.3564150280944185
0.3564150280944185
0.08476379538752454
1.305931506881888e-19
1.3059372749547246e-19
1.3059372675425213e-19
2.5324766165969456e-140
2.5324796329945974e-140
0.0
0.48275964632224994
0.48275964632224916
0.48275964632224916
0.37616112422525483
0.37616112422525483
0.091233720307325
1.1157765438164522e-18
1.1157765902824037e-18
1.1157765899645145e-18
9.32737801850549e-137
9.327377782418771e-137
0.0
0.4948885321962521
0.4948885321962521
0.4948885321962521
0.38658256599479685
0.38658256599479685
0.09469345240748413
2.060005899849443e-18
2.0600059042086434e-18
2.0600059041794027e-18
5.84272127298328e-136
5.84272124615761e-136
0.0
0.5023566930836145
0.5023566930836145
0.5023566930836145
0.39301422818141424
0.39301422818141424
0.0968438619852875
1.091007653490799e-38
1.2586557661667614e-38
1.259044311816815e-38
2.6783903808543277e-228
3.370752397767034e-228
0.0
0.47505226159732244
0.4750522614183096
0.4750522614183096
0.36955431543622935
0.36955431543622935
0.08905641444864469
1.0245179512112108e-24
1.0253390370380494e-24
1.0253389239642828e-24
2.825851485124925e-166
2.826871180793064e-166
0.0
0.5031725441057021
0.5031725441057021
0.5031725441057021
0.39371752740547966
0.39371752740547966
0.09707970559841049
4.247249520492149e-21
4.247271298057328e-21
4.2472712749003435e-21
3.762412155851252e-151
3.762417216570041e-151
0.0
0.5130687635087678
0.5130687635087678
0.5130687635087678
0.40225908180046654
0.40225908180046654
0.09995490154037703
6.196897246005848e-20
6.196897529589288e-20
6.196897527894589e-20
1.8981239655389651e-146
1.8981239182753485e-146
0.0
0.5181145344582422
0.5181145344582422
0.5181145344582422
0.4066216317801212
0.4066216317801212
0.10143109189462748
1.4948476353802218e-19
1.4948476385271954e-19
1.494847638506809e-19
5.067954322837822e-145
5.067954299272012e-145
0.0
0.5211727721345467
0.5211727721345467
0.5211727721345467
0.4092682121148327
0.4092682121148327
0.10232915299262622
