0.0
0.0
0.0
1.7533460774055801e-29
1.721074875905783e-29
0.0008691221777301819
0.0053575919661076185
0.005446167894920051
0.0054421139201405394
0.0005012459458109432
0.0005034695215238079
1.3271215482203582e-06
1.957792953908345e-96
1.9695755951660197e-96
1.9695712644979814e-96
3.991683900728949e-45
3.992367603547872e-45
0.0
0.001975321039288103
0.0019778000993765214
0.001977758064163949
0.0004834585908248139
0.00048352397530779646
8.761446889743822e-08
2.2255636766200233
2.225563407629608
2.2255634037646184
2.2208317822750745e-76
2.220836355134914e-76
0.0
0.0008351107620956819
0.0008353922091720449
0.0008353917721887855
0.00035170012436883753
0.00035170137031617394
1.3942927929579183e-06
0.0023010163356418844
0.002301016546460911
0.0023010165474309594
5.306563420640945e-93
5.306563954307186e-93
0.0
0.0003879477552343789
0.0003879921637999409
0.00038799215899957526
0.00020557368560141022
0.00020557370343619747
2.2703918243721953e-07
1.0081895866203215e-06
1.0081896038997813e-06
1.0081896039290283e-06
4.439253404906127e-104
4.4392534610464664e-104
0.0
0.00019024094284576072
0.00019024835826219805
0.00019024835820814987
0.00010918794269192209
0.00010918794291488878
2.5427276402064417e-08
9.35462332001197e-57
1.1566861221056754e-56
1.1574951076586866e-56
0.0
0.0
0.0
0.5894632299678066
0.5894632299643955
0.5894632299643955
0.4854166193924514
0.4854166193924514
0.06471805479581978
1.0856997024865048e-34
1.0870420574976152e-34
1.087042406912065e-34
9.204434777555159e-246
9.212445132563172e-246
0.0
0.6113741071508569
0.6113741071508569
0.6113741071508569
0.5043755402728881
0.5043755402728881
0.0691339548376304
3.846143714265184e-29
3.8461758198550723e-29
3.846175879838971e-29
2.5829139748731047e-221
2.582927651903608e-221
0.0
0.6189376676267926
0.6189376676267926
0.6189376676267926
0.5109306833423082
0.5109306833423082
0.07068729031025281
2.35212429434249e-27
2.3521244821808206e-27
2.3521244840131286e-27
1.6047715583017225e-213
1.6047717882811267e-213
0.0
nan
nan
nan
nan
nan
nan
9.39993875615171e-27
9.399938756516404e-27
5.316810107854226e-211
5.316810190833949e-211
0.0
nan
nan
nan
nan
nan
1.1251116584307537e-26
1.2143840045719437e-26
1.2146848738829098e-26
1.2313733298633168e-197
1.5498143725627152e-197
0.0
0.157030305239585
0.15702328196279638
0.15702325171970657
0.11636009596914876
0.11636019921399061
0.00531420195360916
3.732470592560775e-21
3.734414778731529e-21
3.7344158475692936e-21
7.6159769276394855e-168
7.620229154639428e-168
0.0
0.2751720813924386
0.2751719766455427
0.2751719766452277
0.21894571711376914
0.21894571711485103
0.015866668915624087
6.960147056419776e-20
6.960176252536166e-20
6.960176358210675e-20
3.867677918031918e-161
3.867692724726455e-161
0.0
0.3525955091175146
0.3525955081648242
0.3525955081648242
0.2835813633345278
0.2835813633345278
0.025250876138250538
7.935323617364935e-20
7.935324404107945e-20
7.935324410214538e-20
5.604389927868214e-161
5.60439063889405e-161
0.0
0.40416733888286366
0.4041673388753301
0.4041673388753301
0.3270062403064896
0.3270062403064896
0.03250649491331303
4.188168430021496e-20
4.1881684745535936e-20
4.1881684747152477e-20
1.0526920669820256e-162
1.0526920823213816e-162
0.0
0.44035712031831975
0.44035712031826457
0.44035712031826457
0.357661287532414
0.357661287532414
0.0380563552915495
1.1680434996325471e-48
1.3841429364765405e-48
1.3849114870729006e-48
5.513370244795741e-297
7.929957027542262e-297
0.0
0.47743380726108087
0.4774337449562505
0.4774337449558649
0.3891709643109705
0.38917096431213466
0.04412220310448655
9.385774194895664e-31
9.395166539810833e-31
9.395169481218539e-31
6.336604047146938e-219
6.341402278727443e-219
0.0
0.5480251903701073
0.54802519036889
0.54802519036889
0.4496878345426193
0.4496878345426193
0.056710497995711026
2.603899468996211e-26
2.6039175230423736e-26
2.6039175636436896e-26
9.854561969489391e-200
9.854608760978818e-200
0.0
0.5749911320485991
0.5749911320485991
0.5749911320485991
0.472919512827441
0.472919512827441
0.06187011749617151
5.783895503227247e-25
5.7838960021463925e-25
5.783896006661927e-25
3.648619245327991e-194
3.6486197470142633e-194
0.0
0.5891641531357503
0.5891641531357503
0.5891641531357503
0.48515815569627424
0.48515815569627424
0.06465864525300594
1.4075783209744262e-24
1.4075783296225582e-24
1.407578329677338e-24
7.423511275012995e-193
7.423511388299252e-193
0.0
0.5978914877706443
0.5978914877706443
0.5978914877706443
0.49270395752420704
0.49270395752420704
0.0664018755809589
1.055480310678656e-54
1.2905970624609495e-54
1.291450643113997e-54
0.0
0.0
0.0
0.5659852864493632
0.565985286269093
0.565985286269093
0.4651527783849434
0.4651527783849434
0.06012561888326001
1.1451381959757079e-33
1.1464815481588049e-33
1.1464819143045283e-33
2.287442646963159e-238
2.2893607800569316e-238
0.0
0.5988449221195377
0.5988449221195377
0.5988449221195377
0.49352875432222554
0.49352875432222554
0.06659352206621404
2.15297202887622e-28
2.1529891708274615e-28
2.1529892044220846e-28
2.8632319772521575e-215
2.863246693246749e-215
0.0
0.6104104531704533
0.6104104531704533
0.6104104531704533
0.5035407549587823
0.5035407549587823
0.0689371144431709
1.0269374607125839e-26
1.0269375444970524e-26
1.0269375452978829e-26
4.879247984175899e-208
4.879248675519258e-208
0.0
0.6163076762704577
0.6163076762704577
0.6163076762704577
0.5086507243449556
0.5086507243449556
0.07014548401723898
3.6453730185880853e-26
3.645373034621787e-26
3.6453730347635e-26
8.11060947518043e-206
8.110609601004203e-206
0.0
0.6198820892757894
0.6198820892757894
0.6198820892757894
0.5117495687670531
0.5117495687670531
0.07088228865124756
