0.0
0.0
0.0
7.079826017990166e-32
6.911129706228878e-32
1.4316772966518916e-05
0.0002654743699114827
0.0002693680591207324
0.000269401205729796
2.0002138042613673e-06
2.0240383737519355e-06
7.394744216677728e-11
7.703559227819914e-199
7.73685965619353e-199
7.737014388611412e-199
1.2640275921239004e-49
1.2642704183322895e-49
0.0
5.279225409827368e-05
5.277103502911945e-05
5.279928708331173e-05
2.073190804038388e-06
2.0752256026637346e-06
1.5602774061783907e-12
2.708188734019893
2.708188477144958
2.7081884758957124
1.7850634183512994e-84
1.7850660568244942e-84
0.0
1.2805260334020209e-05
1.2830279351800151e-05
1.2833433944260639e-05
1.3093940843989828e-06
1.3097902426465736e-06
4.4495616471863995e-11
8.383587291980988e-05
8.383587717751705e-05
8.383587718247187e-05
4.41955395018268e-103
4.4195538083848384e-103
0.0
3.614265155221087e-06
3.6275996857931327e-06
3.6279737630849007e-06
5.405808405890385e-07
5.406460309593464e-07
1.518191620925788e-12
8.26532335349739e-10
8.265323426603117e-10
8.265323426608593e-10
1.9156540487281896e-115
1.915654036216805e-115
0.0
1.113064003165101e-06
1.1184074911424427e-06
1.118454658831132e-06
1.830620031997329e-07
1.8307090150300892e-07
2.4280013953409817e-14
3.5707182291537573e-76
4.9254169380027774e-76
4.928968011495126e-76
0.0
0.0
0.0
0.4521857411773562
0.45240524272164667
0.45240524272181465
0.3086118571616122
0.30861185716174694
0.008620095983191906
7.029739685220729e-49
7.042614427291028e-49
7.042613125037534e-49
9.68284079052327e-270
9.69269668247828e-270
0.0
0.47753214146300793
0.47775663121208545
0.47775663121208545
0.32797777006529955
0.32797777006529955
0.009592685072856358
9.099091842835921e-42
9.099201054610073e-42
9.099200960185334e-42
2.2141148365409202e-244
2.214126062463003e-244
0.0
0.4863768194477157
0.4866029686486159
0.4866029686486159
0.33476721074248367
0.33476721074248367
0.009944205627846509
1.8860433617650884e-39
1.8860435639031693e-39
1.886043562918241e-39
2.3745985674116785e-236
2.3745984952848177e-236
0.0
nan
nan
nan
nan
nan
nan
1.1415342212998809e-38
1.1415342212700704e-38
8.944487862446647e-234
8.944487784180876e-234
0.0
nan
nan
nan
nan
nan
2.1901281684267793e-36
2.471598198410253e-36
2.4721706040832282e-36
5.239321321785581e-215
6.561385601358434e-215
0.0
0.0596620028720334
0.05971654542910211
0.05971700452419492
0.029998752813703112
0.029999083847558127
0.00014887305523389883
3.6948505032040036e-30
3.6978399169614326e-30
3.697839531701493e-30
2.697167686828603e-184
2.698916500632516e-184
0.0
0.1422355877443261
0.1423531190822964
0.14235312471514525
0.08545908014579072
0.08545908408204039
0.0008854090540546904
9.523276443810815e-29
9.523332654324123e-29
9.523332599629294e-29
5.128640575444168e-178
5.128657877663306e-178
0.0
0.2079466616346393
0.20809467400417417
0.2080946740513334
0.13017280079986046
0.1301728008343152
0.00187822193780854
8.6018942101936e-29
8.60189495478733e-29
8.601894952119635e-29
2.8732455971193176e-178
2.873245501172107e-178
0.0
0.25598161274992837
0.2561479508064488
0.25614795080680286
0.16389892392626304
0.1638989239265285
0.0028268396972038817
3.135974509156774e-29
3.135974530295448e-29
3.135974530244204e-29
2.437518425049149e-180
2.437518405822983e-180
0.0
0.291532852015886
0.29171113290919604
0.2917111329092002
0.18934970321205216
0.18934970321205408
0.0036485593027520244
1.4583958527210451e-65
1.891550713526833e-65
1.8926082637600718e-65
3e-323
5e-323
0.0
0.32942793404806753
0.3296175436705429
0.3296175469126281
0.21684561326131388
0.21684561576902806
0.004635524227298093
1.786243233804949e-43
1.7889202175059937e-43
1.78891992616773e-43
2.5970341853323076e-240
2.5993297729403684e-240
0.0
0.4054074603250542
0.40561678654474986
0.40561678654480815
0.2732386328670431
0.27323863286708994
0.0069600978911699835
8.269651775334614e-38
8.269734018153018e-38
8.26973394427037e-38
1.3928998241468347e-220
1.3929059952535323e-220
0.0
0.4356737409252462
0.43588979947768713
0.43588979947768713
0.2960700321645267
0.2960700321645267
0.008014176468895434
4.417885614779546e-36
4.417886056314446e-36
4.417886054310051e-36
5.899362288713012e-215
5.899362100986984e-215
0.0
0.4518426443026742
0.4520620758985737
0.4520620758985737
0.3083506549276044
0.3083506549276044
0.008607283883716465
1.3603206553022596e-35
1.3603206622139182e-35
1.3603206621827658e-35
1.0595576394977646e-213
1.0595576305475082e-213
0.0
0.4618865380206137
0.4621079902555439
0.4621079902555439
0.3160076737681618
0.3160076737681618
0.008986250289604522
1.7246911927122278e-73
2.34104258290981e-73
2.3426297466938533e-73
0.0
0.0
0.0
0.4254924371152093
0.425706292904937
0.4257062929138891
0.28836653339877477
0.2883665334059317
0.00765142904109858
1.7736430770682548e-47
1.7767334205664494e-47
1.7767331020068254e-47
1.244755813354294e-261
1.2459760243270215e-261
0.0
0.4629878028178745
0.46320947320472267
0.46320947320472267
0.3168485385979811
0.3168485385979811
0.00902829381757985
1.007633287711283e-40
1.0076448183862315e-40
1.0076448083155865e-40
1.0249947728040581e-237
1.02499978250592e-237
0.0
0.47640873976416026
0.4766330157905449
0.4766330157905449
0.32711657254445553
0.32711657254445553
0.009548486659298958
1.5011175775851215e-38
1.5011177354660434e-38
1.501117734709813e-38
2.7272538764653035e-230
2.727253792417524e-230
0.0
0.48329588479902214
0.48352146060045587
0.48352146060045587
0.3324003599402258
0.3324003599402258
0.009821044321359648
7.740601118374944e-38
7.740601152695025e-38
7.740601152499623e-38
4.8494197300377194e-228
4.8494196880182516e-228
0.0
0.4874845924838959
0.48771094664919973
0.48771094664919973
0.3356187063552821
0.3356187063552821
0.009988675705973074
