0.0
0.0
0.0
4.794895867042953e-42
4.661574555740538e-42
0.00010622096673257651
0.00017652884749447883
0.000179352943616057
0.00017913201198971218
2.426864794144619e-07
2.433069587293755e-07
7.753497401927013e-09
2.2601838127382828e-158
2.26570434913256e-158
2.2657044204660238e-158
7.445891800204496e-67
7.447790096570227e-67
0.0
3.5963208941588696e-05
3.592458150165793e-05
3.592369304037379e-05
1.60524482351684e-06
1.605331354777417e-06
9.212536158853271e-11
2.9244311564466225
2.9244314364945843
2.924431436494415
9.198084861432434e-114
9.198105643490222e-114
0.0
8.853320168302958e-06
8.8468153104355e-06
8.846811561306506e-06
2.3394836630791196e-06
2.339486425944643e-06
4.804664994841637e-15
1.1058414380557333e-05
1.1058412901821647e-05
1.1058412901821573e-05
6.1752207016047235e-139
6.175220809665193e-139
0.0
2.553786833168224e-06
2.5530212461161224e-06
2.5530212287306255e-06
1.4676474359050034e-06
1.4676474713792265e-06
3.3264753729757256e-16
1.0998721237980388e-11
1.0998720966699982e-11
1.0998720966699982e-11
9.229237308776281e-156
9.229237309920155e-156
0.0
8.081485903552924e-07
8.080698266137165e-07
8.080698265323294e-07
6.429243037228415e-07
6.429243040192431e-07
1.1790407264627724e-17
1.1739658879793342e-80
1.5738870045135865e-80
1.5749275929644014e-80
0.0
0.0
0.0
0.40760742128230704
0.40760742127701
0.40760742127701
0.32317970628945625
0.32317970628945625
0.00975598254900905
2.4065731290000527e-55
2.411334131157487e-55
2.411334183025265e-55
0.0
0.0
0.0
0.4324072347048668
0.4324072347048668
0.4324072347048668
0.342855347207819
0.342855347207819
0.010798677925466182
1.8679976697589497e-48
1.868020455727322e-48
1.8680204557249157e-48
0.0
0.0
0.0
0.44109282980695175
0.44109282980695175
0.44109282980695175
0.3497502385366257
0.3497502385366257
0.011174472438389337
3.746625074784955e-46
3.746624460209387e-46
3.7466244602092275e-46
4e-323
4e-323
0.0
nan
nan
nan
nan
nan
nan
2.2642549573142974e-45
2.2642549573142974e-45
1.89637e-319
1.89637e-319
0.0
nan
nan
nan
nan
nan
1.485804508596052e-39
1.666488831528615e-39
1.6668806893978553e-39
8.550893331505863e-299
1.1567905656612e-298
0.0
0.04700709669602967
0.04700105369920477
0.04700104050749992
0.033923426543028164
0.03392345456197383
0.0002294524609605141
9.668652615989923e-35
9.67741995660915e-35
9.677419951420882e-35
4.8981179394006835e-252
4.902220144934226e-252
0.0
0.11787325211798551
0.1178731578701663
0.11787315786999113
0.09406943051126156
0.09406943051173286
0.0011499065623300417
1.0255572786797558e-33
1.0255625444413418e-33
1.0255625444362957e-33
2.436061976717909e-242
2.4360735289999698e-242
0.0
0.17674245337002514
0.1767424524752111
0.1767424524752111
0.14062874324087657
0.14062874324087657
0.002319738448323929
5.915642974505887e-34
5.915641769395733e-34
5.915641769395733e-34
2.2287293361636593e-242
2.2287294050627094e-242
0.0
0.22080324721923666
0.2208032472119698
0.2208032472119698
0.17541342439782537
0.17541342439782537
0.0034039369428738183
1.582135138053015e-34
1.5821350831863781e-34
1.5821350831863781e-34
3.862745806532887e-245
3.862745807292233e-245
0.0
0.25388991121512555
0.2538899112150692
0.2538899112150692
0.201542101852458
0.201542101852458
0.004327429600985001
7.473223483355565e-70
9.491446043739731e-70
9.496417411460186e-70
0.0
0.0
0.0
0.28956039628503527
0.28956031156692175
0.28956031156653617
0.2296730951726105
0.22967309517338677
0.005423559309754762
1.8469158754755788e-49
1.8499352919693283e-49
1.8499353165767062e-49
0.0
0.0
0.0
0.3622051588520011
0.3622051588502953
0.3622051588502953
0.28719940569819585
0.28719940569819585
0.00796471948767902
5.238774161147631e-44
5.238825665242609e-44
5.238825665228248e-44
1.695731633185826e-301
1.695741985897206e-301
0.0
0.3915255946220319
0.3915255946220319
0.3915255946220319
0.31042934195038635
0.31042934195038635
0.00910398743323662
2.554407090790108e-42
2.5544066326503915e-42
2.554406632650355e-42
2.528180818410344e-293
2.528180916051673e-293
0.0
0.40727266069858403
0.40727266069858403
0.40727266069858403
0.3229142290397972
0.3229142290397972
0.009742216162105716
7.435689193773345e-42
7.435688927985999e-42
7.435688927985999e-42
1.8307387848878312e-291
1.83073878533595e-291
0.0
0.417082956940943
0.417082956940943
0.417082956940943
0.3306954627512363
0.3306954627512363
0.010149060802571212
6.203933256509119e-78
8.200994282634032e-78
8.206119225393738e-78
0.0
0.0
0.0
0.3816394258437035
0.3816394255722121
0.3816394255722121
0.3025942349934554
0.3025942349934554
0.00871268464234567
8.000922983159687e-54
8.016019115985863e-54
8.016019270271915e-54
0.0
0.0
0.0
0.41815991733537866
0.41815991733537866
0.41815991733537866
0.3315498301857274
0.3315498301857274
0.010194153735268822
2.767077096416257e-47
2.7671090741962943e-47
2.7671090741915187e-47
0.0
0.0
0.0
0.4313051977009403
0.4313051977009403
0.4313051977009403
0.34198066417116124
0.34198066417116124
0.010751389128283686
3.9494236764723007e-45
3.9494230115600044e-45
3.949423011560172e-45
1.0617360256e-314
1.0617360716e-314
0.0
0.43806547775319293
0.43806547775319293
0.43806547775319293
0.34734679837025956
0.34734679837025956
0.01104286717188836
2.0114304747027045e-44
2.0114304023496348e-44
2.0114304023496348e-44
1.9063065836627e-311
1.906306584173e-311
0.0
0.4421818133736616
0.4421818133736616
0.4421818133736616
0.3506148536544208
0.3506148536544208
0.01122197554670654
