2.7590590770065076e-43
0.5677621304349698
0.01800179326674886
2.794028054163231e-19
0.09311318208295215
0.0699236882622654
2.6744182341158795e-22
1.6430644784840556e-57
0.10690495734278828
0.042891179272352566
0.01003520927716683
2.2562372148858572e-13
0.053951035948789396
8.566332598401925e-08
0.033397775046957554
0.033375946729191856
0.00011503670127299641
2.191461264019551e-23
2.0566089521965747e-132
1.0886149661032892e-68
1.9626096791856567e-19
1.3133320074084804e-113
0.008469159092593706
0.009557096645639356
0.0050991641335121005
1.7129376451157989e-88
0.004755103726536781
1.0776355760629634e-07
0.0034937664566221916
3.5892030681988463e-20
0.0010621620800993293
0.010867565689343571
0.001176465230950924
3.8886965679374606e-05
8.90497222895712e-14
0.0006327600208364109
1.8649785719263767e-169
0.0005955459751904201
0.014029872272250667
0.00029192038613517465
0.0004387881016068992
0.0003619200559172785
0.0010457950610006199
9.126501492468424e-14
1.134090125634391e-120
0.2812562353923498
0.01690991974870721
3.856522612661092e-05
0.0013471901461995508
0.0009296284180115648
0.00024588499475270624
2.8294985747089248e-05
2.9678644428508465e-08
0.0008083671768788547
0.00015263821677771532
0.00015552436058496123
4.5113091140785375e-05
4.9243647861226115e-05
1.684479445203405e-05
4.587114695842051e-11
0.00018449622154266293
0.00017248407882776632
0.0001645334188643998
3.4372947518399846e-24
4.020990414252063e-37
nan
nan
1.8463266462555497e-64
0.25985780576246265
1.1209186671617207e-42
3.896545520732714e-14
1.1751307571433268e-44
nan
3.6199524630499457e-65
0.2229435621558101
1.5501744416894801e-07
2.9201153485760364e-43
0.16364824528159577
0.18553080095091734
1.591912494618229e-07
0.1491397789771405
4.312338214691868e-47
0.0
0.1573599728228825
0.16266205184527033
1.1763828991512576e-08
0.16902810498825507
0.16215849910438834
nan
0.0
0.09326165299320816
0.09072157854052484
0.09153128808076616
1.7672739888045924e-08
0.09737169508062697
2.9346253904220986e-07
2.4155765941805755e-47
nan
0.11563282891835422
0.11286659725482197
nan
nan
1.5378082305574243e-08
1.58887511939432e-08
0.10676234124043268
2.4051042333638995e-07
4.500506668107669e-14
0.0
0.12674957349050928
0.14822405391962895
0.1365004031947349
7.7159986104095e-24
0.1293752887291164
0.20554380341097764
0.18689375207187706
0.03689089153184081
1.2864263752038313e-25
3.2539689545339353e-138
0.15823353873658824
0.07769734251166796
2.8800702351555396e-155
0.08391339849076433
5.830561508673422e-05
3.0321521912143846e-156
6.617222586004969e-31
0.06466299467193212
0.000381495416959011
0.11989872187873116
0.11867066314291969
0.13838024619716893
4.778716111491284e-05
3.618411974926977e-05
2.825499398691626e-30
3.926481394701435e-32
2.55757174166777e-32
0.052237716020221876
4.9435918184150575e-05
3.417376622559003e-227
5.066270789645318e-258
3.5344212461134605e-27
0.00011018461835287388
4.949948970800053e-05
0.000546127740287714
1.0429735844106345e-30
2.1934520013186087e-253
0.014060950859875548
2.3946235513306686e-270
0.022170506234789417
8.654859762850647e-32
1.0259328093562768e-38
0.21177701403235905
5.231568001644267e-32
0.22945115412434083
0.21707088876484737
0.23415404099145862
0.14767487072218546
1.3923661652533985e-34
0.24624037199740811
0.11103338461612323
3.9366937630060926e-36
4.561616870732552e-06
0.15980063156227872
3.6612683640117026e-06
3.2782399305965846e-35
2.93295195861117e-177
0.17560299101882126
1.7748963447241034e-42
1.0499482832267116e-186
0.17236823088400494
0.18995101066005976
3.3505668507113842e-34
2.772390825020715e-47
0.0
4.298261597028793e-06
3.919431033876465e-06
0.12283343299483462
5.4578311152867e-06
0.14658984068319278
0.0
0.10474329638494409
0.12134568238553474
0.12191529398572415
6.235772790159445e-06
5.795014211120677e-06
0.13260693791569086
0.1290202889949893
9.975188447420263e-08
4.0380637204e-314
0.134330312455741
3.1130921766247627e-47
0.05633538739866802
2.796697e-317
0.1119549756334719
0.08985599138071616
0.03022057160907683
0.10816563250264553
7.412576080926617e-06
1.3663456356841227e-38
1.966941613623047e-38
9.679304726e-315
0.07921467265719244
9.812814769268778e-39
0.07154514202406717
6.345335113824677e-06
6.264605403095905e-06
5.6e-322
0.08729099970956043
0.10438408240565104
5.3920014694296045e-06
0.20529191978048383
0.20387201181639517
2.1224643623992028e-35
0.23117534153538724
0.2276938803751753
3.589007311202461e-10
2.632480795700498e-10
0.21389609732045273
3.737601227907654e-180
4.5110256411309556e-37
0.25152948452369794
0.23940067991383446
1.3854440819831487e-36
7.202933026638632e-37
0.14834531547118626
0.14213599267818444
0.15350050148806188
2.0071094337730948e-50
4.2935228684134295e-07
0.20130489945958796
0.18873475832860692
1.4204093579280044e-06
0.2211808496966856
0.22785727051208804
0.15073984166680485
2.373276744599355e-10
4.594647250899573e-07
1.3365840522109692e-06
0.16012284331215418
0.09906163792147916
0.13847731294896848
1.6408554370676323e-06
0.14404007567583693
0.14696818126552888
1.8503124364452944e-06
0.15409148054734242
0.05304293534992254
0.07330806154718252
0.07185403932074343
2.4275532194028667e-06
0.08731867791269052
8.836267342126848e-58
0.06374754455196385
3.6298276237691505e-07
0.08833384876160104
2.9913219339272754e-41
2.358765848286429e-10
0.057072424068409705
1.21071014193226e-41
0.0
0.08824887798725682
0.0906247574492363
1.3089226921645223e-57
1.2768165654581038e-57
0.07302847337163142
2.400007276402707e-43
0.11284230833213896
0.10819104207448466
0.2234555317654393
4.333439447010949e-07
4.869976392392326e-07
0.22876885416204162
6.835424068219526e-36
0.22585108336997653
3.542671852457448e-219
1.9309338138769553e-07
5.509178849503496e-41
9.149478634134005e-07
0.16773021878868213
0.17276557766885878
1.4338496625551442e-42
0.18342927728144504
6.222914752332741e-07
1.8313180898243042e-39
0.18130762909231118
3.8431688000267973e-41
7.225543478876769e-07
0.2255662739563749
1.997072014471827e-62
1.3850120761625218e-62
0.13975163828897597
1.1308987096861789e-07
0.17182415685894378
0.14926079176680435
0.0
1.0904838886096153e-11
1.3854509451096735e-63
0.12960178371963674
6.197428339258983e-47
0.13915624119713957
0.15442090139696768
0.15777426663821595
0.16302216344452647
0.154408474082286
0.1289080712405971
0.07983237166778151
9.09537109814963e-07
9.804937073359776e-12
0.08256357766110854
0.09786525813305037
0.1083470623650907
0.1100049969833968
0.10473429524367867
0.14663241547041134
1.2106377602150692e-11
7.356596461242779e-64
0.0
1.659363519880212e-07
6.513290475362029e-07
6.8297567851725e-44
7.464605024642993e-12
0.11850573706491448
0.11222039010472029
1.1677026734855641e-43
0.12217123780639279
1.5161146048609034e-11
0.2156514642876444
0.21557075905598266
3.6619050574939583e-07
3.121078859389842e-07
0.22764590004291232
0.2241956644926707
0.2300066809176142
2.0177704318294295e-06
0.23013902360189842
5.6517361210908114e-43
7.286033883365376e-07
8.187761926923948e-40
0.26138871803553676
0.2717594764087519
1.480360225174219e-12
2.656389601937635e-235
0.17373011172240233
0.17803567991378771
1.5236362123496538e-58
5.942145076318647e-08
6.094074308701996e-195
0.21743106978615673
0.21191633466658727
5.280259393062435e-07
0.16791641899793722
8.01176460657204e-08
7.535262425478511e-08
5.85024689223076e-07
0.13568302537054588
1.0387253784350142e-44
0.167897360021789
0.09070972276448423
4.692611090017534e-07
7.273915016849341e-07
5.647905250716328e-08
3.80736844801861e-48
3.5971053548980725e-07
0.0
0.10899122930661527
0.1526694363033853
0.08549317162502301
6.779321418929349e-08
0.10211084832164184
0.10288686231641489
4.0594056748419585e-68
0.10692307401000031
4.0831975673200435e-07
0.14689013462941894
3.4744096195321377e-54
1.3165312227515709e-216
0.22371915599950806
2.255000626110982e-07
1.0019736372202501e-176
1.5723126917605805e-06
8.403806705219861e-37
3.2959578111209746e-229
0.2557490519370989
1.1205895314068077e-43
5.663684326691114e-44
0.2407987329375167
0.2610927445613166
0.2643310786624912
0.2482097130122954
4.706383678127996e-13
1.603737252316393e-61
4.0179820465799055e-42
0.18210722196652696
7.099911571049617e-42
5.553840695116768e-13
2.5164567386209344e-07
0.2297057304335889
0.157807215596901
1.3718264847890249e-189
0.22126808437069276
3.727443598502633e-45
0.0
6.116890805325248e-07
2.7659960859582767e-71
0.15013798918153032
0.14191893575704567
0.1412411238133049
0.145152954965559
6.7325287699374635e-50
0.15160985515650685
2.4077529488057534e-07
0.16020439703768502
0.160512468677385
4.080088158827177e-07
1.0562045297056848e-45
0.0
0.15587649771781348
0.08783801824663395
0.16002282427625428
0.08924500628622452
5.870109193717442e-07
5.402434154658418e-07
6.325662029700151e-70
0.0
2.247403514602992e-07
0.0
9.731858737787857e-51
0.0
0.10389256843081718
0.10497766140126115
1.4036676841343342e-71
0.0
0.11564332575776153
2.729062471063284e-08
9.1420731375194e-46
0.13084217946310928
0.22400047910215723
0.21483873050451546
1.4751281948252308e-06
1.200632379879434e-06
4.560365216701681e-13
6.445849420163604e-189
0.2679326654910468
0.25201534792734465
1.6251191076115144e-13
0.18457745865380282
0.17306425098967987
3.3802846967095425e-07
0.19066739592023038
1.8812207605927854e-234
5.704992127843369e-45
0.2264182389470932
0.22251863073595987
3.3144854658284706e-07
6.0206600368754e-191
0.22019357540169343
2.4697254519969795e-13
3.617967488326235e-46
0.18596392699433603
0.16272405113944546
0.16709484693685533
2.3637971091671147e-13
0.08361487838533861
0.1571419419339929
0.08831004502490715
0.0
0.09608513170432208
0.17065303467312634
4.836717920346385e-07
0.10229021205065283
1.9573557334181995e-08
0.11541362526064766
0.11129628339764054
2.614737145809921e-46
0.11597850101486365
1.88196131814896e-13
0.10375055614346913
0.17006894802652164
2.119392944834776e-07
2.2932189448433562e-07
3.6316607382827433e-07
4.58288027638912e-47
4.843434365949535e-47
0.10699538382662435
0.10305196077999319
0.12049043979179998
0.11578067752811143
2.1194067773520413e-08
0.13090148831149437
0.13549290220729499
0.23027168417191843
0.23531398723426766
1.4391597059628102e-07
0.24576925878179293
0.22485627965756774
nan
2.1572623768437053e-13
3.522878026340938e-43
9.513765469503031e-14
2.3786201369944403e-64
0.1754616818184283
0.19695932860711213
1.5741316148826992e-63
2.8774143749783363e-08
7.013008452066495e-46
0.21694228035024601
0.21886946709030514
0.15877058954273732
0.20697272950282403
nan
1.3764541417987988e-13
0.18259108371707494
0.18074026367648746
0.145670554543394
1.8253611237711577e-07
2.4108575708367507e-47
0.18217245483782082
2.867973048775959e-07
0.0
nan
0.15792119579208413
0.1566123333951094
7.799257776579536e-52
0.1681713002000133
3.2492452372214437e-07
1.552259830208906e-13
1.0946318638686838e-52
0.0
0.09545639048129045
0.09292750985689915
0.09068340301213759
2.2907243985665326e-07
0.1689045063738594
nan
7.871290289972523e-75
1.666264208206737e-08
0.11370274582970503
1.8392314902940067e-48
0.10897312663824606
nan
nan
0.09639706503503712
0.09649526472605857
2.7023984754322144e-48
0.0
1.536074887407346e-08
0.14871875908567853
1.5023289378602012e-47
0.0
