3.351250703012448e-112
1.1307768753638543e-110
5.060815506083769e-111
4.757985777432394e-09
4.725950880855126e-09
0.005594175458429664
0.0004807880883961653
0.00047403674530376656
0.000473779627035227
0.0004748719455546799
0.0004640040739901936
0.00018678695504610048
8.646026919370288e-20
6.86134263866365e-20
3.2566278614942866e-20
5.105566965843666e-12
5.241318145422736e-12
3.0272718154931786e-143
0.00015246746007930776
0.0001392096391217944
0.00013920745115869254
0.00011973911787778377
0.00011974543536791941
1.626660568712517e-05
1.2249980291391223
1.226312148853685
1.2375385490494633
3.499303450591472e-20
3.150211663273655e-20
1.6320399931436694e-212
5.20761056275248e-05
6.060661338754898e-05
5.2119173287900875e-05
5.459670206730812e-05
4.5335236532678445e-05
2.2582902151560675e-05
0.1053810821627405
0.10409032408152527
0.1044367334364288
1.2963148879377958e-24
1.3627972361164986e-24
1.9807690997976172e-252
2.1576289908109117e-05
2.171918278849347e-05
2.1719182579018517e-05
2.0097216116173816e-05
1.9477179758367747e-05
3.363293483096159e-06
0.008614835967583659
0.008451765153606915
0.00844194633447903
1.747764470403021e-27
1.786383980095436e-27
6.714082465409526e-283
9.669198897894265e-06
9.612360785662055e-06
9.612360783509464e-06
1.0749943656923505e-05
1.0889834938800436e-05
4.302450611864713e-07
1.0259686043618083e-16
9.042240417180773e-17
1.0818422350389833e-16
6.2075310586725165e-89
6.998583587241994e-89
0.0
0.09397838268876142
0.09301962909273469
0.09301962909273469
0.08840568590887166
0.08840568590887166
0.10734161539243722
5.712142770622445e-11
5.713862593501467e-11
5.713862631509396e-11
1.4738239918045843e-63
1.4664903742166465e-63
0.0
0.09721554476523163
0.09721554476523163
0.09721554476523163
0.09235099732792759
0.09235099732792759
0.11468115739102513
1.8091951115062052e-09
1.7266198847401124e-09
1.928806048749176e-09
1.1486189691069106e-57
2.1924865436357268e-57
0.0
0.0986742471953936
0.09895400843714021
0.0986742471953936
0.09372211135414688
0.09372211135414688
0.11525993711725017
5.787596232262823e-09
5.7781969862401835e-09
5.778196986240113e-09
2.0357820326736595e-55
2.311522200599446e-55
0.0
nan
nan
nan
nan
nan
nan
8.45231169190893e-09
8.470932073748398e-09
9.66903357005191e-55
9.57865386237304e-55
0.0
nan
nan
nan
nan
nan
2.4191274498940717e-08
2.4149288303881725e-08
2.34292527891039e-08
1.9776292630181023e-51
2.621682107603108e-51
0.0
0.02053941288912949
0.019761983274345706
0.019827969622300604
0.018880347887913016
0.01900818280019168
0.02257244893156679
4.743644352116148e-07
4.3954930250092184e-07
4.7444163879620845e-07
9.635607437055399e-44
1.1627554640370483e-43
0.0
0.0378456227006313
0.03784561261240292
0.039466279140306655
0.03751440687058562
0.036420605872994415
0.04519108545250474
9.279730151628598e-07
9.472017954154146e-07
8.495338252737744e-07
4.734785909268491e-42
6.08743486201156e-42
0.0
0.051671198586515164
0.05053133557495378
0.05053133557495378
0.04831690947983046
0.049007928425471914
0.060705176606318016
8.369642373393081e-07
8.894159133768562e-07
7.566826588186657e-07
4.86318166629867e-42
4.2697986979213016e-42
0.0
0.0593238795063636
0.05932387950551098
0.06229517867775528
0.0566373565157865
0.0591928003638477
0.07068725134529256
6.964652315971215e-07
7.096638016703665e-07
7.111020269084595e-07
1.1399988673296189e-42
1.6514531584465822e-42
0.0
0.06564988194592238
0.06735937744645192
0.06564988194591594
0.06261472184413999
0.06261472184413999
0.07873877852795855
1.4099466989123299e-14
1.283505551733131e-14
1.6511651290803582e-14
5.542173928368986e-77
2.21931908731501e-76
0.0
0.07226104945252132
0.07711103547300839
0.07226104206984073
0.06885195556029924
0.06885195556039471
0.0864511049429787
5.849839716158302e-10
7.365515839411783e-10
7.724670049744032e-10
7.558119416168385e-57
8.740670669062255e-57
0.0
0.08828559163058182
0.08520550333077144
0.08520550333077144
0.08374102650511564
0.08105267832301484
0.10078460172311884
1.2135619063225775e-08
1.1610997321851372e-08
1.213563775156032e-08
4.9372622452008515e-52
4.797350126052124e-52
0.0
0.09067618681458256
0.09299450501266006
0.09027253622738968
0.08737179190782857
0.08657425245294705
0.10695916076350566
2.8081877670126225e-08
2.8240501556701318e-08
2.3905987193916128e-08
1.7362735508842148e-50
1.9005382243434087e-50
0.0
0.09296266264889204
0.09296266264889204
0.09296266264889204
0.08835210798270252
0.09001841633108636
0.10996271537885635
3.545289640149396e-08
3.545289640357289e-08
3.545289640357289e-08
3.666778709862233e-50
3.5996096386187644e-50
0.0
0.0946283902064222
0.0946283902064222
0.0946283902064222
0.09247534155654964
0.08983608951771581
0.11181511919171515
3.1948651933286894e-16
3.527662324543894e-16
3.7856960833970465e-16
9.810606898954524e-86
1.0973673761133859e-85
0.0
0.08874849074760512
0.0924916499750064
0.08857281341208749
0.0842221948876333
0.08718865606177514
0.10439941403175719
1.1041407516721394e-10
1.0903582597912664e-10
1.1153222705540148e-10
1.0167640918521646e-61
1.1067304932968389e-61
0.0
0.0948107917386575
0.09500335100759293
0.0948107917386575
0.09004065356727155
0.0900901171053712
0.11085514167687792
3.036400113641719e-09
3.0467650472368576e-09
2.915138228928656e-09
8.376560715045515e-56
5.835777526529355e-56
0.0
0.10018409900936816
0.09703007436971563
0.09703007436971563
0.09201906542953958
0.09217664660175046
0.11295341183413725
8.37877105524298e-09
8.808601234329572e-09
8.808601234329461e-09
8.206318079748956e-54
5.291863509686983e-54
0.0
0.09721911000818381
0.09816643036438577
0.10202567266072925
0.09310085473844268
0.09400157255065844
0.1132353886368152
1.2439869768555099e-08
1.1195609111009439e-08
1.2439869769534624e-08
1.697705776255902e-53
1.9077226903604237e-53
0.0
0.09885675840705213
0.09920275578648197
0.09885675840705213
0.093893647037478
0.093893647037478
0.11486158202383354
