0.165654836157
0.170138278728
0.178288470549
0.982030089283
0.979991518043
0.217485019227
0.991006546244
0.98992564166
0.990616136777
0.99140729273
0.990871248334
0.989841301055
0.20658095588
0.208490686848
0.19474192322
0.396722950176
0.355640943079
0.160404172214
0.98544715105
0.985724169442
0.98575909461
0.987861366043
0.228996521547
0.986906459191
0.25139591003
0.230044334047
0.251200526081
0.308249589013
0.322044418064
0.144702977012
0.982025470533
0.982455642247
0.981410687135
0.982393134139
0.981635185988
0.982486189715
0.270177189445
0.249654146135
0.268258245035
0.269834729699
0.276510229816
0.138137231191
0.978184951055
0.977325809612
0.979769712916
0.977785862203
0.977769606762
0.978538556164
0.307385238669
0.255163482236
0.272976285845
0.299494353578
0.26806483076
0.137500866894
0.971169905807
0.972564732295
0.970936613466
0.97184538687
0.974293186478
0.970522782451
0.80927555598
0.801305312093
0.809577754105
0.150630805733
0.145694866595
0.20631543183
0.9991882295
0.999145932382
0.99917740009
0.999217362013
0.999368209884
0.999281188846
0.749920487399
0.731562219883
0.74300956018
0.211107172986
0.204078458919
0.149458246259
0.999389264152
0.999309793916
0.999216197619
0.999184118429
0.999131231752
0.999232578167
0.708456715459
0.731345576742
0.696041604763
0.227309001645
0.222509056187
0.136891075257
0.999171511835
0.999297772327
0.999170894178
0.999297306251
0.999274960021
0.999306930757
0.699019447398
0.690509454618
0.681792171961
0.233365881577
0.217822475417
0.129168226933
0.999255447744
0.999247409924
0.999386504316
0.999196129284
0.999220451108
0.999257086859
0.670269389187
0.664025366284
0.60911840839
0.240141528224
0.23905927651
0.127795990604
0.999270629224
0.999373686285
0.999403010397
0.999241260337
0.999227137647
0.99918423676
0.136021440558
0.142893026158
0.142947922983
0.166490072308
0.164378415488
0.194875759882
0.997863460976
0.997912672528
0.997894915113
0.998265099148
0.99800724408
0.997907212313
0.151859632409
0.158163933272
0.158949341791
0.224516614484
0.222880549786
0.15000971221
0.998669252009
0.998623875956
0.998587478317
0.998610808306
0.998603587328
0.998745909058
0.203106485729
0.215261241671
0.19631590522
0.233433884102
0.234101175042
0.135315731873
0.999125854719
0.998850332054
0.998783957659
0.998800543765
0.998831261344
0.998835673725
0.251259401002
0.244182195023
0.276930958582
0.239098279553
0.233903833658
0.139043227018
0.998877268106
0.999068050555
0.99897248293
0.999014258744
0.999005416039
0.998874741314
0.317601463502
0.269637257565
0.280796082678
0.235259315999
0.239897744007
0.136568217652
0.999030136229
0.999005495276
0.998945181832
0.998798878255
0.99877961223
0.999070070701
0.80333755966
0.792259954714
0.789791155769
0.150337267934
0.14735123604
0.196687743133
0.999093853043
0.999069636729
0.998822747522
0.998990266932
0.999123283164
0.999067075147
0.656149942443
0.692695933023
0.690986037509
0.198457389939
0.212225518089
0.154856563765
0.998959633146
0.999008461176
0.999251213806
0.999123818099
0.999230696162
0.999346815685
0.574425300051
0.601434251113
0.630104975637
0.247057383614
0.22021880853
0.142189946493
0.999096274323
0.99913628188
0.999202746905
0.99918789441
0.999096770647
0.999170439386
0.436364612195
0.544627150458
0.527760860189
0.227232576456
0.238060608516
0.13735577815
0.999281890552
0.999359206014
0.999342791268
0.999051622503
0.999112156916
0.999301728106
0.0629604819207
0.935970721353
0.0829792992803
0.242278279505
0.225506189307
0.149380394339
0.999227449253
0.999243942995
0.999300627343
0.99927340548
0.999393127323
0.99914925923
0.81065165063
0.796733310534
0.810657463999
0.150477628811
0.148526733233
0.200508673109
0.999247479584
0.998943669718
0.999285436235
0.999328136594
0.999177067089
0.999238251391
0.773971530908
0.738682581913
0.755655596486
0.203604571812
0.218604682367
0.15729010893
0.999236730005
0.99912425124
0.999141059187
0.9991780881
0.999344948881
0.999235661304
0.706337657604
0.675022858451
0.677215109477
0.222010391767
0.221040707691
0.138732384238
0.999366838516
0.999196853766
0.999119757189
0.999396267387
0.999193169515
0.999261423263
0.692730768336
0.637216936681
0.708718551143
0.230594779817
0.219398991304
0.131280740687
0.999355307302
0.999221331003
0.999275961948
0.999259877969
0.999242756353
0.999346798581
0.644603351979
0.651539891396
0.64172874097
0.236202100983
0.232037672613
0.12783451332
0.999184759598
0.999195201287
0.999187136118
0.999203308132
0.999443091014
0.99919334118
