0.42489422911035307
0.42416476093101846
0.424756189258464
0.9419758253475556
0.944701049168961
5.886651666857639e-07
0.00019655623404134153
0.07578469479897781
0.06898627657173925
0.01810871363587682
0.012280069632627077
0.007000176736715744
0.19084069561469125
0.18758510122794672
0.1889907756293311
1.872035264125352
1.8785197835516116
6.194975962239686e-09
0.10876737531873029
0.057854825366655094
0.014790313531128871
0.017654904250901368
0.024703953027799846
0.029480975154127318
0.1511947205751403
0.14922539560385578
0.14922622032096794
1.710129744503801
1.7083313890388603
6.926551584233776e-16
0.1863679435505115
0.022444396591123197
0.00983649116174322
0.033443961402425025
0.031987818239705895
0.033048986759045544
0.13519346351709136
0.13784277935511377
0.13784312622712788
1.425596751070123
1.4253598093139233
5.141455512018737e-19
0.17453140435152428
0.011971067201388349
0.002954498332034256
0.011668615733428022
0.02280644111140502
0.032495849400487796
0.1343446625609755
0.13354982735323456
0.12785412344045674
1.1576089183456848
1.1563923396489455
8.640137672667275e-21
0.11448696824003331
0.003709982909726488
6.965634045861277e-21
0.017075985439182016
1.239376372134245e-20
0.021660354996444538
0.13311941228796406
0.13329578041165208
0.13223976336526597
2.82381253211027e-07
2.8829997923674935e-07
1.0257493583274429e-47
0.0005660945537098372
2.0088626384569117e-17
1.0955027475253308e-19
1.385930743211027e-10
2.3696559337573097e-19
6.582848371633297e-07
0.029706778023751185
0.029600936070579172
0.029648280524934383
0.000182905572648059
0.00018292839903508265
2.5773039618992663e-35
6.899108123249612e-20
2.7732072775300776e-20
3.595959853213421e-20
3.7400048573779535e-20
3.7509964370967424e-20
4.0828596767087315e-20
0.03387099621170791
0.03352013872390726
0.033521945785005856
0.0009183077766118041
0.0009253649904380555
4.650126000652906e-32
3.093573674409131e-20
3.728669974462893e-20
3.48693867979482e-20
3.6047431248900056e-20
3.48693867979482e-20
3.8135124432409144e-20
0.07992621255364266
0.07840447627598064
0.07840527674333028
0.0017502946849827156
0.001769826004633033
3.868397730821976e-31
nan
nan
nan
nan
nan
nan
0.105576119200052
0.1055764258130249
0.0024623237574292536
0.0024623249820745923
1.4335383578264621e-30
nan
nan
nan
nan
nan
0.4989423257057027
0.4944808903046986
0.4942160061862221
0.043374737778098166
0.04350439162847775
1.2400836856731152e-38
0.0001035998586098378
0.10558775776243846
0.027516581169556943
0.01604163844436798
0.026427105077995942
0.013432289453460625
0.20349850761343702
0.20320683922837426
0.20320866512683913
0.14494120685726078
0.14359044178586802
2.8465705284271768e-30
0.116242247717811
0.007337326758964245
8.879015605969587e-06
0.032463010882490304
4.823305215760036e-06
0.022193508445018988
0.15782339697152697
0.15283681246461506
0.1550662076900106
0.18559162840591398
0.18618745549455917
4.258432197166986e-28
0.07954627409490145
1.8247194882872763e-07
2.2232939535462877e-14
0.0007592269878511365
4.262263414379818e-08
0.007145089590207271
0.1384889393627849
0.14129287725526277
0.14129328511437517
0.20510310153970093
0.2051061961782884
1.5852232967946843e-27
0.014006799451478199
3.393896228004151e-14
1.8309238860558252e-18
2.0075040383531328e-09
1.7725906459857626e-16
4.550386149781777e-07
0.1389616136830927
0.13630591478359033
0.1298120298281522
0.21999321399005062
0.21999316731267893
1.7048074094024376e-27
0.0015464131712020727
4.009839195308096e-17
3.242072676090328e-19
3.219145270154438e-10
9.050850338355359e-19
1.5201063351231428e-06
0.23380784796086354
0.2339126302162803
0.2350407165803479
2.2101153338673336e-06
2.258667181856858e-06
1.0783052251785738e-45
0.006163400356736314
0.015384599686655837
4.155857260210419e-07
0.013667107086260918
0.007408435438348491
0.014131810890110978
0.16351274373618183
0.17059867654368505
0.17715084242010676
0.0009853069915469446
0.0009803040128766377
5.680527637455322e-34
0.0017409044841471006
1.9609820227350793e-17
8.065268094205968e-20
1.4940869517664136e-05
4.708215339305135e-18
0.002663071006629249
0.15052989787573023
0.1474157619511178
0.14765813632354036
0.004646107608704268
0.0046608088251915
6.8683849616995025e-31
7.305621245597464e-14
2.8058213147277416e-20
3.452076195705292e-20
3.740333508043269e-19
3.994453217381903e-20
1.417859032253082e-17
0.14084326876637915
0.1271149594675642
0.13794422321629882
0.008851322740032811
0.00885134165379002
4.25347823599673e-30
1.1221626417335192e-18
3.1002667567145594e-20
3.9836047455295425e-20
1.0615908080850811e-19
4.1076242223523856e-20
1.3402311719938208e-19
0.131653272176155
0.13331920427502467
0.13433243798071617
0.012852498684954814
0.01274433461087723
8.36384225454624e-30
3.5816738104734144e-20
3.091001746408719e-20
4.5728429457882224e-20
2.859116506126837e-20
4.103117052863868e-20
4.1945143340248255e-20
0.08594739747427299
0.0863270124312323
0.0846525635573328
4.410793875626008e-07
4.867722968150902e-07
4.894370951607456e-47
0.012535128203347038
5.021270022194916e-07
2.9017782091649184e-18
0.00010188446486225182
6.517891731628258e-13
0.0069867574918294475
0.03740886770677516
0.036885767010139264
0.03896152833485295
0.0002695353981007229
0.00026957159456440257
8.064857060544331e-35
3.7592671604478424e-15
3.492565281273765e-20
3.564883804165627e-20
4.040142129375758e-20
3.0528577113366376e-20
1.2903689716197386e-19
0.09301701201602204
0.08815660605515915
0.09154508083448311
0.0013689566386192132
0.001372182790481644
8.229199234514875e-32
2.6525614551709546e-20
3.3190690519444617e-20
3.9999978982189563e-20
3.021512718300523e-20
3.740962553358121e-20
3.7825109880520004e-20
0.11883664766316321
0.10809287090701133
0.11610515361823032
0.0026480713063800126
0.0026284774674039213
1.1253696441001974e-30
2.933998487190712e-20
3.7191529192422375e-20
3.407689583408077e-20
3.562099636773502e-20
3.407689583408077e-20
3.858153120380023e-20
0.1271866930671916
0.12537786370969728
0.12537814727821842
0.003735225864406159
0.003765854708558977
1.6198195415303007e-30
3.458529835654446e-20
3.8490578234746696e-20
3.5133095299226625e-20
3.6862111346358196e-20
3.5133095299226625e-20
3.364163806755869e-20
0.0
