0.676397156472
0.673966944048
0.673935256655
2.7315424632e-19
3.10805420769e-19
0.0
1.16070043382e-126
1.16190612933e-126
1.16190613067e-126
1.16190526251e-126
1.16190613067e-126
1.16190541726e-126
0.292388750115
0.292362798424
0.292362802648
4.61389475632e-11
4.61715628074e-11
0.00107826435364
3.52529647969e-128
3.52530960001e-128
3.52530960001e-128
3.52530960001e-128
3.52530960001e-128
3.52530960001e-128
0.22249045797
0.22249017696
0.222490177068
1.42048952015e-13
1.42050020188e-13
2.88217879963e-22
3.57914518215e-129
3.57914541308e-129
3.57914541308e-129
3.57914541308e-129
3.57914541308e-129
3.57914541308e-129
0.200782712143
0.200782721083
0.200782721084
2.07608382513e-22
2.0760840228e-22
3.29361609515e-34
6.23156225448e-130
6.23156226181e-130
6.23156226181e-130
6.23156226181e-130
6.23156226181e-130
6.23156226181e-130
0.192229725469
0.192229727469
0.192229727469
2.92624715567e-27
2.92624715679e-27
4.46502572697e-42
1.48423002137e-130
1.4842300214e-130
1.4842300214e-130
1.4842300214e-130
1.4842300214e-130
1.4842300214e-130
0.180117630479
0.180365448531
0.180368277397
1.51108167187e-25
1.5888857608e-25
3.66952396605e-161
6.73010865867e-107
6.73010865867e-107
6.73010865867e-107
6.73010865867e-107
6.73010865867e-107
6.73010865867e-107
0.145206084341
0.145200460732
0.145200457393
2.68723361016e-16
2.68792346072e-16
3.79535201942e-121
2.04326570521e-106
2.04326570521e-106
2.04326570521e-106
2.04326570521e-106
2.04326570521e-106
2.04326570521e-106
0.128699687483
0.12869961197
0.128699611949
5.5189725117e-14
5.51898170432e-14
3.43624171417e-111
2.9981002389e-106
2.9981002389e-106
2.9981002389e-106
2.9981002389e-106
2.9981002389e-106
2.9981002389e-106
0.123229266968
0.123229265564
0.123229265564
2.9814460178e-13
2.98144605463e-13
4.9879091695e-108
nan
nan
nan
nan
nan
nan
0.120387568302
0.120387568302
5.21186576717e-13
5.21186576794e-13
4.92929603476e-107
nan
nan
nan
nan
nan
0.867902272343
0.865389959242
0.865356952275
0.00136372966099
0.00138372194191
4.32062132973e-84
1.74460532116e-117
1.74460544872e-117
1.74460544872e-117
1.74460544872e-117
1.74460544872e-117
1.74460544872e-117
0.355429801209
0.355394430267
0.355394445198
9.37401990843e-07
9.37473347011e-07
1.04934115049e-77
3.83150085563e-114
3.83150085563e-114
3.83150085563e-114
3.83150085563e-114
3.83150085563e-114
3.83150085563e-114
0.247744482984
0.247744152595
0.247744152786
5.91277651661e-08
5.9127792376e-08
4.0837119969e-77
3.06081277534e-112
3.06081277534e-112
3.06081277534e-112
3.06081277534e-112
3.06081277534e-112
3.06081277534e-112
0.213911670412
0.213911684647
0.213911684648
1.13005570018e-08
1.13005570466e-08
3.26891466007e-78
4.89508945254e-111
4.89508945254e-111
4.89508945254e-111
4.89508945254e-111
4.89508945254e-111
4.89508945254e-111
0.2003318292
0.200331831882
0.200331831882
3.57831809536e-09
3.57831809567e-09
1.11339547796e-79
3.27346500778e-110
3.27346500778e-110
3.27346500778e-110
3.27346500778e-110
3.27346500778e-110
3.27346500778e-110
0.19027054433
0.189343683237
0.189330905914
1.80049150277e-21
1.87067105439e-21
7.78650577763e-138
2.23174117388e-109
2.23174117388e-109
2.23174117388e-109
2.23174117388e-109
2.23174117388e-109
2.23174117388e-109
0.0839126930175
0.0839150896317
0.08391507768
2.07465162027e-14
2.07507408293e-14
6.73660179304e-107
8.22207526383e-108
8.22207526383e-108
8.22207526383e-108
8.22207526383e-108
8.22207526383e-108
8.22207526383e-108
0.0283587163873
0.028359007086
0.0283590068843
1.11570217137e-12
1.11570364565e-12
1.68128507213e-99
3.23133012211e-107
3.23133012211e-107
3.23133012211e-107
3.23133012211e-107
3.23133012211e-107
3.23133012211e-107
0.606519330602
0.606518967206
0.606518967215
3.49296089732e-12
3.49296093204e-12
1.74996718756e-97
6.62885351706e-107
6.62885351706e-107
6.62885351706e-107
6.62885351706e-107
6.62885351706e-107
6.62885351706e-107
0.29055069475
0.290550708145
0.290550708145
4.64978075992e-12
4.64978076053e-12
3.861756859e-97
1.03167915205e-106
1.03167915205e-106
1.03167915205e-106
1.03167915205e-106
1.03167915205e-106
1.03167915205e-106
0.18946807543
0.189495676591
0.189495476408
1.31363781313e-24
1.3771457395e-24
4.93014619664e-155
2.04641918999e-107
2.04641918999e-107
2.04641918999e-107
2.04641918999e-107
2.04641918999e-107
2.04641918999e-107
0.139908530248
0.139902961236
0.139902956716
7.4780618295e-16
7.47988228076e-16
2.71331532447e-117
1.08275676316e-106
1.08275676316e-106
1.08275676316e-106
1.08275676316e-106
1.08275676316e-106
1.08275676316e-106
0.123203658101
0.123203589052
0.123203589013
1.13729031259e-13
1.13729210805e-13
5.65695764302e-108
1.94585782096e-106
1.94585782096e-106
1.94585782096e-106
1.94585782096e-106
1.94585782096e-106
1.94585782096e-106
0.116582086664
0.116582083278
0.116582083278
5.44658562435e-13
5.44658568827e-13
4.31376369492e-105
2.62385258145e-106
2.62385258145e-106
2.62385258145e-106
2.62385258145e-106
2.62385258145e-106
2.62385258145e-106
0.110371844409
0.110371843515
0.110371843515
8.97927321277e-13
8.97927321406e-13
2.97771094509e-104
3.14515123725e-106
3.14515123725e-106
3.14515123725e-106
3.14515123725e-106
3.14515123725e-106
3.14515123725e-106
0.0
0.0
0.0
