0.602225250548
0.599776515206
0.599740879385
2.01406517343e-09
2.17928884575e-09
9.58225458483e-205
7.07266760585e-40
7.09567954019e-40
7.09563525251e-40
7.10202345232e-40
7.09567989466e-40
7.10230262738e-40
0.280677766464
0.28064773639
0.280647725871
3.20110043507e-05
3.20256231155e-05
0.061515649273
2.50710043742e-40
2.50732130845e-40
2.50732130652e-40
2.50736387381e-40
2.50732130845e-40
2.50736389318e-40
0.222351501946
0.222350960963
0.222350960987
5.54713324514e-06
5.54716160286e-06
1.59300029979e-10
1.25535731916e-40
1.25536003859e-40
1.25536003859e-40
1.25536042689e-40
1.25536003859e-40
1.25536042689e-40
0.204948765584
0.204948753054
0.204948753054
2.41017862916e-09
2.41017880793e-09
4.68745331873e-16
2.67131519802e-63
2.67131517744e-63
2.67131517744e-63
2.6713151839e-63
2.67131517744e-63
2.6713151839e-63
0.198413096205
0.198413095828
0.198413095828
1.312089698e-09
1.31208969844e-09
1.04641831746e-19
5.43865337188e-64
5.43865337101e-64
5.43865337101e-64
5.43865337125e-64
5.43865337101e-64
5.43865337125e-64
0.236582849401
0.236443150506
0.236441100509
8.91198007479e-14
9.23790101483e-14
4.23334875243e-78
1.16028516516e-34
1.16028516516e-34
1.16028516516e-34
1.16028516516e-34
1.16028516516e-34
1.16028516516e-34
0.170286951682
0.170280243189
0.170280239633
5.11905999747e-09
5.11992682487e-09
2.04132765947e-57
1.50944521633e-34
1.50944521633e-34
1.50944521633e-34
1.50944521633e-34
1.50944521633e-34
1.50944521633e-34
0.154693751163
0.154693651078
0.154693651067
9.14426340771e-08
9.14427235232e-08
2.65488712123e-52
1.65250608103e-34
1.65250608103e-34
1.65250608103e-34
1.65250608103e-34
1.65250608103e-34
1.65250608103e-34
0.150156677442
0.150156675468
0.150156675468
2.29952942266e-07
2.29952943594e-07
1.1274215585e-50
nan
nan
nan
nan
nan
nan
0.148135340295
0.148135340295
3.12274122916e-07
3.12274122925e-07
3.71555965871e-50
nan
nan
nan
nan
nan
0.813721875837
0.810368289928
0.810315938886
0.0327799041913
0.0329978350071
1.08236853323e-40
2.58622819567e-37
2.58623162159e-37
2.58623162149e-37
2.58623245767e-37
2.58623162159e-37
2.58623245836e-37
0.338845469644
0.338799517764
0.33879950322
0.000333699655459
0.000333702333335
8.95524539126e-37
1.9115365e-36
1.91153650002e-36
1.91153650002e-36
1.91153650002e-36
1.91153650002e-36
1.91153650002e-36
0.241972725859
0.241971964872
0.241971964919
6.45964649849e-05
6.45964570917e-05
3.14256842547e-36
5.78600875565e-36
5.78600875565e-36
5.78600875565e-36
5.78600875565e-36
5.78600875565e-36
5.78600875565e-36
0.213966581059
0.213966564922
0.213966564923
2.61124196918e-05
2.61124196429e-05
1.19886905356e-36
1.15326510627e-35
1.15326510627e-35
1.15326510627e-35
1.15326510627e-35
1.15326510627e-35
1.15326510627e-35
0.203576609737
0.203576609282
0.203576609282
1.4516572719e-05
1.45165727187e-05
2.66799790432e-37
1.84145473503e-35
1.84145473503e-35
1.84145473503e-35
1.84145473503e-35
1.84145473503e-35
1.84145473503e-35
0.193443826662
0.192696292591
0.192686020378
9.77252404843e-12
1.0033034769e-11
9.0679410831e-67
2.94282124263e-35
2.94282124265e-35
2.94282124265e-35
2.94282124265e-35
2.94282124265e-35
2.94282124265e-35
0.123790127326
0.123796472217
0.123796471029
4.11540626456e-08
4.11590625854e-08
1.22832945541e-50
7.02788437492e-35
7.02788437492e-35
7.02788437492e-35
7.02788437492e-35
7.02788437492e-35
7.02788437492e-35
0.10125684634
0.101257292623
0.101257292496
3.5441467413e-07
3.54414908611e-07
8.8069575226e-47
9.74524686838e-35
9.74524686838e-35
9.74524686838e-35
9.74524686838e-35
9.74524686838e-35
9.74524686838e-35
0.0274032634027
0.0274031333939
0.027403133397
6.61255407145e-07
6.61255409491e-07
1.04346492099e-45
1.15611623869e-34
1.15611623869e-34
1.15611623869e-34
1.15611623869e-34
1.15611623869e-34
1.15611623869e-34
0.278710056236
0.278710054673
0.278710054673
7.77497852289e-07
7.77497852302e-07
1.67882364266e-45
1.28403033863e-34
1.28403033863e-34
1.28403033863e-34
1.28403033863e-34
1.28403033863e-34
1.28403033863e-34
0.236696888461
0.236381820968
0.236377276761
2.60786886201e-13
2.69684542331e-13
4.01787747216e-75
8.73976813204e-35
8.73976813204e-35
8.73976813204e-35
8.73976813204e-35
8.73976813204e-35
8.73976813204e-35
0.164783650992
0.164778089099
0.164778085622
8.32603539615e-09
8.3273460442e-09
1.39451053093e-55
1.29881962389e-34
1.29881962389e-34
1.29881962389e-34
1.29881962389e-34
1.29881962389e-34
1.29881962389e-34
0.150454810715
0.150454756247
0.15045475623
1.2627127642e-07
1.26271389851e-07
8.78631604434e-51
1.49211759273e-34
1.49211759273e-34
1.49211759273e-34
1.49211759273e-34
1.49211759273e-34
1.49211759273e-34
0.145779003362
0.145779003183
0.145779003183
2.97059238215e-07
2.97059239762e-07
2.72816064252e-49
1.60130788359e-34
1.60130788359e-34
1.60130788359e-34
1.60130788359e-34
1.60130788359e-34
1.60130788359e-34
0.142279998967
0.142279999014
0.142279999014
3.90854654378e-07
3.90854654389e-07
7.56867541874e-49
1.67128206228e-34
1.67128206228e-34
1.67128206228e-34
1.67128206228e-34
1.67128206228e-34
1.67128206228e-34
0.0
0.0
0.0
