0.825653029493
0.826021511911
0.825896358226
9.38356174488e-26
9.4532373245e-26
1.3045921939e-20
6.56690248025e-15
2.12896357221e-20
2.60118947037e-11
6.82308222935e-14
3.0815290331e-14
1.0530944387e-11
2.09615143049
2.09604346438
2.09604336642
4.2102044559e-06
4.21040398958e-06
0.0
1.5415572362e-16
3.72287143226e-06
0.259869237494
1.46854251406e-18
1.2556000594e-08
1.82003704803e-18
2.02447904143
2.02444309662
2.02444309683
2.13889146814e-12
2.13889347525e-12
0.0
3.53111553981e-25
0.0578325462439
0.449943519167
1.73111946834e-10
2.68385684282e-07
1.43497728968e-11
1.98153009158
1.98149399688
1.98149399689
1.42165603041e-23
1.42165603834e-23
0.0
1.39603623523e-11
0.67736005796
0.148536717756
1.8797783291e-11
0.0701909025296
7.58042775552e-13
1.98275863541
1.98272559466
1.98272559466
7.09089118872e-29
7.090891189e-29
0.0
0.0171686334433
0.298783397069
0.380716007
0.000334702352063
0.0692617392613
7.23471533708e-06
4.03998651427e-12
4.33944730866e-12
4.34231516713e-12
6.91517377761e-100
7.20270570785e-100
0.0
3.41813306772e-26
5.50279751266e-11
4.18990911113e-09
2.18955732193e-24
2.00812119836e-21
2.38427405757e-52
9.55857750161e-06
9.57087849861e-06
9.57088090351e-06
9.03694655922e-72
9.0384276048e-72
0.0
2.76210388792e-40
5.78517711929e-16
2.47795793026e-22
6.78585001436e-25
1.7927704146e-17
1.19694091739e-33
0.000570941736336
0.00057093707262
0.000570937072826
3.9839700581e-65
3.98397382745e-65
0.0
4.65413573475e-33
2.20677905838e-34
2.23187183924e-34
1.2146825866e-33
1.69148272773e-33
2.36573997079e-57
0.00345474878286
0.00345462183698
0.00345462183701
4.93231371758e-63
4.93231374504e-63
0.0
nan
nan
nan
nan
nan
nan
0.0108677459739
0.0108677459739
2.40256572043e-62
2.4025657205e-62
0.0
nan
nan
nan
nan
nan
4.33654420238
4.33577028503
4.33570585775
3.61351180147e-68
3.73834994931e-68
0.0
8.44275201742e-18
2.82524642077e-21
5.56560003811e-10
3.02203992498e-16
3.08216726662e-17
6.99465201628e-13
3.14531817794
3.14524024525
3.14524019655
2.21495621047e-53
2.21529971919e-53
0.0
2.22911185385e-33
0.000494531637363
0.309004465208
2.86161816296e-16
2.05578047814e-11
1.87897934443e-23
2.62454827411
2.62451272671
2.62451272695
1.52516574869e-50
1.52516718862e-50
0.0
1.57164869435e-12
0.466232260798
0.0152785865059
6.10828671847e-13
0.0329026179872
1.7190398236e-17
2.42011204205
2.42007428335
2.42007428336
2.67476824326e-50
2.67476825904e-50
0.0
0.00343317535737
0.00104486033391
0.00463282951468
3.13190451026e-05
0.00673655177173
6.1248786366e-10
2.33267396604
2.3326399191
2.3326399191
9.6754378181e-51
9.67543781842e-51
0.0
0.0126679128365
0.00046601759181
0.0200133075536
0.00614858920317
0.015479303774
9.44914985559e-10
1.59921781817e-07
1.68960526065e-07
1.69027571857e-07
4.64966378385e-92
4.83447119055e-92
0.0
3.64834362703e-24
4.17304066943e-14
9.5799530387e-10
1.05912433631e-37
2.83856375553e-20
1.46842050801e-15
0.0175377793258
0.0175464251864
0.0175464261311
1.71016238089e-66
1.71043821043e-66
0.0
5.65439280079e-18
0.0512304323331
3.05176708202e-06
1.06127910569e-15
0.000188125162381
4.14274610574e-24
0.105001292246
0.104993324326
0.104993324403
1.2209801496e-60
1.22098130501e-60
0.0
9.98656024131e-06
1.75371774737e-20
2.24745618516e-15
1.90024600468e-05
2.30854150733e-07
1.06122261443e-20
0.431209638035
0.431210574713
0.431210574712
6.10316218125e-59
6.10316221597e-59
0.0
1.18403155614e-16
0.000473786441192
1.03457847091e-21
3.51528825046e-09
1.52242366944e-24
2.30608093273e-06
0.77644793112
0.776457859348
0.776457859347
1.68822673933e-58
1.68822673938e-58
0.0
1.09825389184e-29
1.78685892057e-29
7.51839854645e-22
8.77054159041e-30
2.30752552563e-21
3.67406466329e-19
3.47258864566e-11
3.71865853664e-11
3.72091189457e-11
6.02920650471e-98
6.2770966114e-98
0.0
2.5034650379e-23
2.05667090123e-13
1.24005466764e-05
4.26820608959e-36
3.44311162459e-16
3.84209616271e-40
4.86531758929e-05
4.87107566294e-05
4.87107672761e-05
2.09277919623e-70
2.09312072221e-70
0.0
9.07534053612e-10
2.90108853056e-29
2.23003813127e-07
2.23333598367e-13
1.00935175931e-14
8.08973533526e-35
0.00273373948554
0.00273369775996
0.00273369776099
6.12194270783e-64
6.12194850015e-64
0.0
1.02316746269e-17
9.5883509032e-32
1.91885652182e-32
5.40555403904e-18
1.98915844271e-16
1.43814544807e-34
0.0172350314494
0.0172344919594
0.0172344919596
6.19415747173e-62
6.19415750642e-62
0.0
3.55522206226e-41
2.0955061684e-34
2.12677169479e-34
4.07217220552e-44
2.91725400868e-33
1.31740594907e-50
0.0487512300535
0.0487510757653
0.0487510757653
2.6626945232e-61
2.66269452327e-61
0.0
5.20489643358e-34
2.2557862964e-34
2.2557862964e-34
2.81313398024e-33
3.1531960323e-33
4.38419311087e-21
0.0
0.0
0.0
