0.950376786852
0.95107777827
0.950949358464
2.85798684989e-27
2.8885995608e-27
3.39571363309e-16
5.48478999058e-16
2.4638825717e-10
6.60114074443e-11
4.85948504442e-12
2.76223059076e-11
1.49490829038e-09
2.01703386055
2.01700599065
2.01700593994
9.26799488522e-07
9.26850174933e-07
2.08902397372e-254
2.08913337614e-11
3.96779598251e-05
0.258965061091
5.5191825088e-15
6.56464971944e-09
5.99786789067e-08
1.85929457438
1.85930166438
1.85930166458
1.94177955846e-11
1.94178133033e-11
6.96930934324e-295
9.31256327432e-17
0.0777725035598
0.595956491123
2.50201171388e-10
1.69140544944e-05
2.00895840395e-08
1.79309587304
1.79309506674
1.79309506674
1.02826891556e-28
1.02826890585e-28
6.8260929601e-309
1.16739780283e-10
0.473436368194
0.23202110767
1.88545338243e-08
0.0650379778327
3.77538595116e-09
1.78311231207
1.78311027499
1.78311027499
1.25345246471e-35
1.25345246158e-35
5.04578868719e-318
0.0371436343258
0.173772458839
0.271758864881
0.0010403938357
0.175808152093
4.73381764867e-06
2.33653348164e-14
2.53798907323e-14
2.54022802845e-14
5.52340099796e-122
5.91858532566e-122
0.0
2.31185285393e-19
4.45213779795e-11
8.67853327277e-09
9.05828745604e-28
2.07264086887e-17
6.90815278058e-16
8.21233294546e-06
8.22322220319e-06
8.22322448523e-06
5.48132100604e-90
5.48287439749e-90
0.0
1.04347535448e-24
1.57904304673e-10
4.38479934371e-17
9.19856723401e-17
9.62106021362e-07
9.96804346408e-22
0.000819126211352
0.000819155984274
0.000819155984424
2.20817172821e-82
2.20817474435e-82
0.0
1.71322912724e-24
2.65118235545e-42
2.99971461072e-42
1.66550906103e-27
7.26125567191e-29
2.4041708404e-25
0.00489519897162
0.00489519819813
0.00489519819814
5.5617020283e-80
5.56170191237e-80
0.0
nan
nan
nan
nan
nan
nan
0.0143091826348
0.0143091826348
3.39328691255e-79
3.39328690041e-79
0.0
nan
nan
nan
nan
nan
3.60441063966
3.60310113115
3.60306595628
2.78746112233e-81
2.93814913541e-81
0.0
1.95256899247e-18
1.18152914968e-17
3.58130082665e-11
1.01230542643e-14
1.00057374069e-12
4.04297391825e-10
2.58192317809
2.58190824402
2.58190824407
3.11494841141e-66
3.11569799662e-66
0.0
1.57003107398e-19
0.00103785188498
0.408530921268
5.20246475939e-17
2.75048446309e-08
1.42243508835e-11
2.17030043621
2.17030820294
2.17030820317
1.64321631178e-63
1.64321835641e-63
0.0
9.29254254107e-12
0.112310237463
0.0331944560361
1.05201690943e-09
0.0301660297333
7.50793384541e-12
2.01823529666
2.01823461704
2.01823461704
1.68935228779e-63
1.68935225843e-63
0.0
0.00873524254895
0.00733755477705
0.011162991218
0.000106501395967
0.0259652038951
3.1330487548e-09
1.96055667694
1.96055475724
1.96055475724
3.53855679549e-64
3.5385567838e-64
0.0
0.0308068658355
0.00483775926803
0.0243154810923
0.00692627440084
0.0464027780442
4.10089996234e-09
1.60576909002e-09
1.71114288458e-09
1.71215896576e-09
7.05326551296e-112
7.52578836402e-112
0.0
7.97821754867e-22
2.8779761367e-17
3.53513393215e-07
1.42307489926e-12
1.2088761831e-15
1.39324477676e-14
0.0132703154411
0.0132777934174
0.013277794595
3.37899771935e-83
3.37991170962e-83
0.0
1.773643457e-17
0.0722883914526
5.78284685232e-06
1.59488977782e-16
0.000122882152675
2.1795514908e-15
0.128453858251
0.128457807463
0.128457807511
1.3078249025e-76
1.30782663766e-76
0.0
8.13645622373e-05
0.000483599896771
0.000316299484736
1.75170383408e-05
2.9647351649e-06
3.48393549131e-16
0.456996173923
0.456996454745
0.456996454745
1.02520633225e-74
1.025206312e-74
0.0
1.44511666966e-11
0.00142081839715
5.79638129069e-16
1.81669026354e-07
4.61150263115e-06
2.33545089862e-06
0.782983782204
0.78298472336
0.78298472336
3.01924916751e-74
3.01924915695e-74
0.0
4.15446802665e-07
1.88179794798e-16
1.81000723536e-17
7.77756839873e-07
1.86870827888e-15
2.82366077356e-18
1.76092702549e-13
1.90581604781e-13
1.90740194559e-13
1.77452540342e-119
1.899449251e-119
0.0
2.63181203871e-23
2.99779169816e-13
2.93018833775e-05
5.52114138183e-26
1.90743286606e-17
5.17970445051e-14
3.3178365461e-05
3.32204711494e-05
3.32204799817e-05
3.10014955772e-88
3.10101757254e-88
0.0
1.54143824448e-12
4.48121483229e-22
2.40379871338e-05
1.20911252211e-14
6.03172097463e-13
3.80555862894e-23
0.00316434249061
0.00316445922331
0.0031644592242
7.35956381395e-81
7.35957378839e-81
0.0
1.67579284208e-12
9.1947881135e-25
1.24351655641e-25
5.0590140474e-12
1.03751299588e-10
1.24694945671e-26
0.0202605830236
0.0202605825069
0.020260582507
1.43015039627e-78
1.43015036688e-78
0.0
1.32578784202e-21
2.49406551781e-42
2.92673758369e-42
1.28163287415e-25
2.97241300707e-27
3.22572319719e-23
0.0526129328024
0.0526129642175
0.0526129642175
7.43265399241e-78
7.43265396596e-78
0.0
1.063603012e-42
3.02638888681e-42
3.02638888681e-42
6.7806633888e-27
3.29972227824e-27
7.41192123419e-13
0.0
0.0
0.0
