1.2326099622
1.23239120771
1.2322953298
6.89286673329e-13
6.92459719687e-13
3.71210596855e-08
1.64414990325e-16
3.21043314892e-12
1.76401318097e-06
5.17665856268e-10
9.68869158217e-09
8.60436460493e-12
1.60206166285
1.60202976773
1.60202975065
0.000563277161836
0.000563294796605
9.95039261083e-170
3.23229329708e-15
0.00372944831168
0.559870785817
8.03543100997e-10
3.30929151601e-05
2.8957749299e-09
1.43526507512
1.43527909445
1.43527909466
4.10813794541e-07
4.10814027255e-07
2.02471972051e-196
2.16260735159e-09
0.433868056311
1.17380899572
6.24257720763e-07
0.0119972516086
1.33021703461e-07
1.36834799795
1.36836100368
1.36836100368
4.00002342781e-15
4.0000239129e-15
5.40335461459e-205
0.000470941310865
1.113611917
0.384362132004
5.90656178903e-06
0.334646106268
3.00515946715e-07
1.35115051261
1.35116578569
1.35116578569
1.73171480063e-18
1.73171482393e-18
1.97778606938e-210
0.392083507117
0.41640837517
0.403092825175
0.0562161926663
0.840515184724
0.000927626283278
1.97832544294e-07
2.0715490656e-07
2.07235003754e-07
6.46253377566e-61
6.70120154173e-61
0.0
2.64648388807e-24
1.01031019822e-06
2.78537646788e-05
1.26659123163e-18
2.10214791272e-14
4.58921680448e-23
0.00148888118022
0.00149007685778
0.00149007703824
2.21876724711e-44
2.21906067435e-44
3.91811631499e-289
1.7906281874e-15
5.96806996337e-14
6.26312578551e-35
2.41513349785e-15
5.48135669503e-12
1.26354918567e-26
0.0142536351065
0.0142542617425
0.0142542617445
1.74876505535e-40
1.74876007293e-40
2.69599200758e-261
7.93027328992e-42
5.99895085103e-57
5.52063047025e-57
1.6187020541e-52
4.81299757398e-55
3.77710144022e-24
0.0363422673175
0.0363428624157
0.0363428624157
2.96343375705e-39
2.96343225195e-39
4.24304069269e-252
nan
nan
nan
nan
nan
nan
0.0636925174493
0.0636925174493
7.53945469191e-39
7.53945416797e-39
7.02689813111e-249
nan
nan
nan
nan
nan
2.68278210276
2.68099259153
2.68095962595
6.30211584541e-42
6.47528558326e-42
0.0
1.60031221285e-19
1.16467735662e-09
2.62035214073e-05
6.7112300304e-15
1.34630570842e-10
1.78793488031e-08
1.93101564901
1.93098924912
1.93098925685
1.74252495206e-33
1.74274307712e-33
2.22008079993e-268
1.33071844439e-14
0.0773137011584
1.01558199047
3.81850148354e-09
1.97314231191e-06
4.71722425124e-10
1.61388274171
1.6138977415
1.61389774176
6.9209586734e-32
6.92095571071e-32
1.60710975233e-245
0.000127300629673
0.567053710729
0.128957304843
9.10979034757e-07
0.252871546438
9.34885380905e-10
1.49370716634
1.49372202832
1.49372202833
9.01618464853e-32
9.01618296419e-32
1.40638678928e-238
0.191924936046
0.0514760664566
0.0481933975074
0.0171717996631
0.258952294975
1.44387155169e-05
1.44862166977
1.44863911193
1.44863911193
4.8019339284e-32
4.80193379113e-32
1.14522214205e-236
0.164594184631
0.0307750914683
0.0861378257539
0.166213097661
0.27546036918
1.7225111597e-05
5.03819465193e-05
5.21122706551e-05
5.2124540244e-05
2.54114889217e-56
2.62882009991e-56
0.0
2.84612540375e-16
8.84000202081e-10
0.000133388043262
1.85822643398e-17
1.53390184106e-09
1.65764474538e-13
0.0538790210446
0.0538853683398
0.0538853685306
2.5419503678e-41
2.54228316732e-41
1.85926835916e-283
6.22339408438e-10
0.0297319977296
0.000893107293568
2.21382522073e-11
0.0403359457556
8.5257428383e-13
0.167000358198
0.167013848987
0.167013849065
6.81253785222e-38
6.8125241817e-38
1.2928229179e-256
9.36036381177e-06
3.90459273487e-09
8.49754387925e-08
4.54564069331e-05
0.000263261115204
3.83677095419e-10
0.506189667656
0.506196189185
0.506196189186
6.77326557548e-37
6.77326291013e-37
6.94753352263e-248
1.38508921033e-08
2.88273587934e-05
1.73163865276e-36
2.15019026467e-05
1.54236601557e-11
0.00244392750436
0.786559592219
0.786565855468
0.786565855468
1.23776473968e-36
1.23776467207e-36
6.0996324283e-245
1.56442144301e-16
5.89594375108e-37
6.74400100549e-38
3.95259169329e-13
3.8526310067e-11
6.44248972088e-05
5.64227718318e-07
5.89443681936e-07
5.89655035803e-07
8.75888635492e-60
9.0770235549e-60
0.0
2.18909243547e-27
2.96034323328e-08
0.0133776991425
5.55852991445e-18
2.8725019915e-12
5.48193715025e-20
0.00324414135571
0.00324660833989
0.00324660871528
1.35305649268e-43
1.3532350321e-43
1.09418275436e-287
4.09763008197e-08
2.01514017955e-15
2.23211252332e-06
4.46831785e-09
4.83859792631e-09
8.37217755206e-20
0.0301555830212
0.0301569353474
0.030156935353
8.36940765416e-40
8.36938574068e-40
4.50201214847e-260
3.56550972627e-13
8.197606177e-50
2.88250988643e-50
2.86126550968e-12
3.60513660513e-11
1.01245155345e-19
0.0737676346791
0.0737680610605
0.0737680610605
1.26059936637e-38
1.26059876609e-38
5.58084794171e-251
4.03507552937e-36
5.5997122409e-57
4.91813114859e-57
1.08754146405e-49
3.08666056132e-53
7.42943978311e-22
0.0893808741815
0.0893768644724
0.0893768644724
2.98320562219e-38
2.98320542729e-38
8.03951232828e-248
3.97659000188e-57
8.00346066082e-57
5.75440212278e-57
6.47477184363e-53
3.80523656142e-53
5.4617592232e-14
0.0
0.0
0.0
