0.44711268206
0.164196273119
0.129021216511
0.544021948875
0.00405934547012
0.00405934547012
0.169395823552
0.447792993995
0.000498305035841
0.000370929291953
0.18086681933
0.0234495029701
0.000309369220013
0.000142337565101
1.21786058163e-88
0.000820966109715
0.168543848797
0.627598549674
2.41896151834e-10
0.421071420128
0.00311980267896
1.91301590379e-07
2.72220220173e-05
0.139314165108
2.67248074091e-05
0.411088288831
1.12280357138e-08
0.168741579997
1.03285464633e-08
0.00147157066549
9.94467099316e-09
0.133028691321
9.60682418376e-09
9.64507418963e-09
0.0118184557417
1.12994653073e-07
1.96057730245e-07
8.69801036654e-08
0.135728886496
7.10433838368e-08
7.10433838363e-08
7.10433838363e-08
1.80909862826e-09
0.00900441591433
0.00715839930672
0.136541464733
0.13200597589
6.86285494335e-10
6.93743138267e-13
6.93743138267e-13
5.19734433564e-13
4.37021412868e-13
7.10043332216e-05
1.41866478747e-13
6.48214713734e-14
6.48214713734e-14
3.88519925648e-14
3.88519925648e-14
2.60451225663e-14
0.166872737025
1.62181055016e-20
1.62181029207e-20
1.62181029207e-20
0.00296863916553
0.00595601187783
nan
nan
7.34925025258e-06
0.000515253312912
0.00335436314552
0.194455386555
0.00170259014382
nan
3.43311525598e-06
8.40145410682e-05
0.113387584274
0.00139072496852
8.04966358958e-05
3.32408347186e-08
0.111714100049
3.39114656593e-08
0.00187443803509
6.3505235271e-37
3.08973564726e-06
3.08973564726e-06
0.120180919582
3.31972662323e-06
3.31972662323e-06
nan
2.39223472073e-38
5.40369837766e-08
5.40369837766e-08
5.40369837766e-08
0.118826063732
5.9014378003e-08
0.106316879277
0.00157396660872
nan
1.17336479004e-11
1.28146832421e-11
nan
nan
0.121079615059
0.121165261959
3.69601389999e-11
0.11067552362
0.192475428226
1.70505504316e-37
2.74310548502e-15
3.42029064501e-15
3.63861735918e-15
0.00121074041787
0.00332108622298
0.00165044816473
0.00170715055294
0.587309845319
2.2823808538e-09
7.22335616202e-10
0.000632125111678
0.000317456565861
2.88212497011e-15
0.00103543125751
0.145001326785
6.85251977325e-15
0.0299522847896
4.04751784609e-05
0.190982101375
5.79273071578e-05
6.08241466431e-05
5.37873906095e-05
0.136358535772
0.133782027639
1.23085535517
0.107435843582
0.113580543971
8.29106839567e-07
0.137175917796
1.16492274117e-09
3.51191177406e-15
4.52932490811e-22
0.14353225284
0.130376291124
0.184034595121
1.35965230377
8.25005265377e-14
1.47904076502e-12
3.77960682948e-16
4.83580391775e-18
0.186049234189
0.0176666540447
0.00169308837445
0.0104279622464
0.00181489952416
0.00192212346301
0.000413344687472
0.000413344687472
0.0099092336718
0.00048118386097
0.00109393364259
0.0116376296246
0.151897052337
0.00127989932381
0.136696746114
0.00676476162563
2.33060863977e-18
0.00129070875572
0.036976780229
8.02560996062e-21
6.86286529196e-05
7.69094500862e-05
0.0105668445342
0.0396684805253
9.58197282558e-21
0.241614305945
0.23956959363
2.46880889635e-08
0.154980481681
2.84568838207e-08
5.67878721648e-21
1.67357474399e-06
2.0840914389e-06
2.08048114192e-06
0.139761022967
0.139568598077
2.33837377703e-06
2.33837377703e-06
0.821433048745
3.05998875975e-19
3.84688837978e-08
3.27217341663e-12
1.51264659472e-18
7.34280141134e-12
8.40899774774e-12
3.91726053389e-12
1.04117993676e-11
0.155330931699
0.0108793844958
0.0109833990522
2.45241948355e-19
1.93343802426e-11
0.0139886344716
2.51931436855e-16
0.152071636592
0.152696787225
1.53880965657e-18
5.84736568345e-16
5.84736568345e-16
0.137005624012
0.00176965822154
0.00181070850035
0.0117297217221
0.00186678149836
0.00192036855044
0.065553266037
0.0691553311502
0.000432068695573
1.00412522977e-20
0.00690852044916
0.000475028906526
0.000455996447151
0.0067239211727
0.00607906619565
0.00124914082841
0.00120955746638
0.00126867412329
0.000322666994289
0.0843461572533
8.40155727564e-05
8.40155727564e-05
0.212052054911
7.55652400757e-05
7.67529964148e-05
8.03021935067e-05
0.187479197364
0.121598509266
0.204211256571
3.18032102459e-08
1.67457367398e-06
2.38843478105e-06
0.196198728329
2.69279337887e-06
2.69279337887e-06
0.148089876997
2.85889160175e-06
2.57120579449e-08
3.94710217527e-08
3.94710217527e-08
0.196659636852
4.91376808038e-08
0.000255537661923
5.74480911776e-12
0.259605801638
8.62046977031e-12
0.00604300464513
0.249480938542
1.04233087848e-11
0.00341814748386
5.02415431749e-21
2.50997882704e-11
2.80371704646e-11
0.000257058498915
0.000262214543229
2.52511385973e-16
0.00268076288296
1.44036316489e-15
1.59931067179e-15
0.00190822951512
0.0895360662646
0.0932638858131
0.00195603528804
0.00714438481501
0.00193518556677
3.99753829538e-30
0.093882985115
0.00310844783839
0.0755048716151
0.00126351412308
0.00127673226392
0.00161899755945
0.00133920823842
0.0632077017951
0.00315131794275
0.00134889551433
0.00142010670882
0.0427014507062
7.50171837396e-05
4.59714618225e-05
4.0858848304e-05
2.7761428407e-08
0.0760242949837
3.26088632129e-08
3.19164641379e-08
6.44577887092e-21
0.0929917556884
3.2259249668e-05
2.19391189977e-06
0.00132189646682
2.7664468742e-06
2.97615559623e-06
3.08354118543e-06
3.08354118543e-06
3.08354118543e-06
3.54392324723e-08
4.72037585994e-08
0.00599993485349
0.0894617230837
7.45803970674e-12
1.02638835303e-11
1.12106067683e-11
1.17049368568e-11
1.17049368568e-11
1.17049368568e-11
0.0911608328863
3.04644942067e-05
3.14700958588e-31
0.0706861342262
0.0116049450686
0.0021637970774
0.0854217881175
1.77763212231e-15
1.77763212231e-15
0.00228644357009
2.72155022296e-15
0.150227084999
0.00189575867614
0.00189575867614
0.101600978803
0.0972188864602
0.0018863141652
0.0019376727326
0.00185415322379
0.0913101979188
0.000469253064952
0.00236755371132
0.0878305834639
0.00474459843756
0.000509660670202
0.00047133825152
0.151410823751
1.09221921151e-31
0.0012731465218
0.0013485682524
1.56906790646e-05
0.10209594853
1.73340242053e-23
8.71994934067e-05
7.90291254042e-05
0.0751988671047
3.00267709223e-08
0.100085796341
0.101250134931
0.0571398374481
2.52592260568e-06
0.0022211673986
3.19663156395e-06
5.15926346332e-08
0.0848835787457
0.0433622588582
0.0967922569255
0.000883402460289
0.0860578656901
8.86399745406e-23
1.22324593182e-11
1.22324593182e-11
2.22995071341e-11
0.101134019728
3.30167768354e-11
3.44663287259e-11
1.09306442741e-05
1.24521220321e-15
0.0854727179841
3.13571609998e-15
2.74756058704e-05
2.55207759785e-28
0.00195496356527
0.107172185335
3.03072187088e-19
0.103733327136
0.00542147204233
1.54103833523e-33
0.000476979402295
0.00204659407896
0.00200872572069
0.0004912748703
0.000473112560845
0.000534211089998
0.000492299616367
0.17072840749
7.82393486405e-06
0.00224837578689
0.00134931788688
0.00228064934754
0.172102505104
0.103519526481
7.98118986507e-05
8.75629147271e-05
2.05577014941e-22
8.020618161e-05
0.00217709995333
4.99081114527e-23
0.0966109971257
4.93348104066e-06
2.75161081915e-06
2.75161081915e-06
2.75161081915e-06
2.75161081915e-06
0.00074884156779
3.09922598355e-06
0.105842063015
3.20780014898e-06
3.20780014898e-06
0.0969432413151
0.00214779683967
5.63931789966e-23
3.26069044124e-06
5.42404989656e-08
5.42404989656e-08
5.6496738832e-08
0.0907299978582
0.0906970638176
6.11777248409e-06
3.19617710768e-25
0.100386838359
3.26652873149e-35
0.000619687664433
1.11493507751e-25
3.46892948712e-11
3.46892948712e-11
5.76248989091e-06
1.02061737541e-34
1.74056649202e-15
0.106615683402
0.00183492392566
3.39040019983e-15
0.00188165722458
0.001941054075
0.10609361818
0.104848065339
0.184384107825
5.74640716925e-22
0.000496956578092
0.000493387869787
0.182227405905
0.00136084598202
0.00136084598202
0.10412916685
0.00136344905808
3.24265875435e-35
0.000831939451588
7.57078155825e-05
8.41077509261e-05
0.107765730701
4.48520778431e-23
8.03540393553e-05
0.182471393752
0.00194846799988
3.43940347869e-08
3.26051972876e-06
3.30024902292e-06
0.179983726189
5.01055858287e-08
5.01055858287e-08
5.59371356006e-08
3.26480896269e-24
5.77240811626e-08
5.77240811626e-08
0.10074301454
1.08860156389e-11
0.11303209862
1.21453013323e-11
1.25336001306e-11
0.00175230699657
1.2722001037e-11
0.186276562537
3.40968526974e-11
3.40968526974e-11
0.108968744614
0.108886791656
0.105300840903
0.00155128930898
0.00150391323451
3.65602163219e-11
3.65602163219e-11
2.15277563899e-15
2.15277563899e-15
0.111593077679
3.06461456445e-15
3.5552620305e-15
0.00193061944699
0.00191069083279
0.110291607868
0.0018606410416
0.00194807199944
nan
0.189529283259
0.00303760393747
0.188626654941
4.47423314926e-06
0.00131734568402
0.00135727192406
4.35416092751e-06
0.117607933666
0.00070067127696
7.60877083547e-05
8.79080221633e-05
9.59861308158e-05
8.03188013847e-05
nan
0.189243616897
3.28103399127e-08
3.28103399127e-08
2.89998863278e-08
0.111328949698
0.00170024432814
3.43679867185e-08
0.108064962905
1.88172197293e-23
nan
3.02286669005e-06
3.01222591405e-06
0.000532117814542
3.23091812635e-06
0.109970490774
0.186325537256
0.000523765617237
1.92594612919e-26
5.70812831373e-08
5.70812831373e-08
5.70812831373e-08
0.104920234873
5.84845426952e-08
nan
2.65901341975e-06
0.115841945791
1.23937911328e-11
0.00218638327807
1.26991903807e-11
nan
nan
3.08805870934e-11
3.08805870934e-11
0.00119585218858
9.99855275487e-25
0.115037875136
3.53494073734e-15
0.00156434424844
3.50139881323e-24
0.0
0.0
0.0
